main/SO308-2_005_3.cnv
* Sea-Bird SBE 9 Data File:
* FileName = D:\CTDData\SO308_2\raw data\SO308-2_005_3.hex
* Software Version Seasave V 7.26.1.8
* Temperature SN = 6051
* Conductivity SN = 4262
* Number of Bytes Per Scan = 41
* Number of Voltage Words = 4
* Number of Scans Averaged by the Deck Unit = 1
* NMEA Latitude = 38 59.66 S
* NMEA Longitude = 132 32.31 E
* NMEA UTC (Time) = Jan 01 2025  06:50:17
* NMEA baud rate = 4800
# nquan = 16
# nvalues = 1566                                  
# units = specified
# name 0 = prDM: Pressure, Digiquartz [db]
# name 1 = t090C: Temperature [ITS-90, deg C]
# name 2 = t190C: Temperature, 2 [ITS-90, deg C]
# name 3 = c0mS/cm: Conductivity [mS/cm]
# name 4 = c1mS/cm: Conductivity, 2 [mS/cm]
# name 5 = sbox0Mm/Kg: Oxygen, SBE 43 [umol/kg]
# name 6 = sbox1Mm/Kg: Oxygen, SBE 43, 2 [umol/kg]
# name 7 = flECO-AFL: Fluorescence, WET Labs ECO-AFL/FL [mg/m^3]
# name 8 = turbWETntu0: Turbidity, WET Labs ECO [NTU]
# name 9 = par: PAR/Irradiance, Biospherical/Licor
# name 10 = sal00: Salinity, Practical [PSU]
# name 11 = sal11: Salinity, Practical, 2 [PSU]
# name 12 = dz/dtM: Descent Rate [m/s]
# name 13 = timeS: Time, Elapsed [seconds]
# name 14 = altM: Altimeter [m]
# name 15 = flag:  0.000e+00
# span 0 =    108.130,    112.484                 
# span 1 =    12.6402,    12.6614                 
# span 2 =    12.6425,    12.6630                 
# span 3 =  40.786542,  40.821814                 
# span 4 =  40.780812,  40.815875                 
# span 5 =    226.753,    229.034                 
# span 6 =    226.136,    229.082                 
# span 7 =     0.1088,     0.1528                 
# span 8 =     0.0283,     0.0502                 
# span 9 = 1.3230e-01, 3.2234e-01                 
# span 10 =    35.1143,    35.1308                
# span 11 =    35.1075,    35.1236                
# span 12 =     -0.820,      1.021                
# span 13 =      0.000,     65.208                
# span 14 =      98.63,      98.68                
# span 15 = 0.0000e+00, 0.0000e+00                
# interval = seconds: 0.0416667
# start_time = Jan 01 2025 06:50:35 [NMEA time, first data scan]
# bad_flag = -9.990e-29
*END*
[from data line 633]
    110.033    12.6472    12.6460  40.796387  40.787051    228.678    228.520     0.1308     0.0380 3.1689e-01    35.1193    35.1114      0.592     26.375      98.66  0.000e+00
    110.095    12.6468    12.6462  40.797031  40.787425    228.796    228.517     0.1308     0.0356 3.1797e-01    35.1202    35.1116      0.603     26.417      98.66  0.000e+00
    110.095    12.6470    12.6463  40.796966  40.788049    228.651    228.665     0.1308     0.0356 3.1797e-01    35.1200    35.1120      0.614     26.458      98.66  0.000e+00
    110.095    12.6473    12.6465  40.798189  40.787425    228.626    228.672     0.1308     0.0380 3.1797e-01    35.1209    35.1113      0.623     26.500      98.66  0.000e+00
    110.213    12.6477    12.6465  40.798898  40.787176    228.740    228.694     0.1308     0.0380 3.2015e-01    35.1211    35.1110      0.632     26.542      98.66  0.000e+00
    110.213    12.6480    12.6460  40.799219  40.786927    228.590    228.701     0.1308     0.0380 3.2124e-01    35.1211    35.1112      0.638     26.583      98.66  0.000e+00
    110.197    12.6484    12.6460  40.800120  40.787364    228.563    228.716     0.1308     0.0356 3.2124e-01    35.1217    35.1116      0.643     26.625      98.66  0.000e+00
    110.213    12.6493    12.6466  40.802180  40.788861    228.543    228.716     0.1235     0.0380 3.1689e-01    35.1228    35.1125      0.648     26.667      98.66  0.000e+00
    110.268    12.6505    12.6473  40.803853  40.790046    228.523    228.716     0.1308     0.0380 3.1580e-01    35.1233    35.1130      0.655     26.708      98.68  0.000e+00
    110.322    12.6507    12.6480  40.803467  40.791668    228.646    228.715     0.1308     0.0356 3.1580e-01    35.1227    35.1139      0.662     26.750      98.66  0.000e+00
    110.322    12.6503    12.6489  40.801858  40.792666    228.645    228.711     0.1308     0.0356 3.1151e-01    35.1215    35.1140      0.666     26.792      98.66  0.000e+00
    110.322    12.6496    12.6492  40.800121  40.793601    228.644    228.709     0.1308     0.0356 3.1044e-01    35.1205    35.1146      0.666     26.833      98.66  0.000e+00
    110.440    12.6488    12.6496  40.799156  40.793602    228.645    228.710     0.1308     0.0356 3.0938e-01    35.1203    35.1141      0.673     26.875      98.66  0.000e+00
    110.385    12.6484    12.6495  40.798963  40.792978    228.514    228.708     0.1308     0.0356 3.1044e-01    35.1205    35.1137      0.678     26.917      98.66  0.000e+00
    110.503    12.6489    12.6497  40.800765  40.792542    228.505    228.709     0.1308     0.0356 3.1151e-01    35.1217    35.1130      0.686     26.958      98.66  0.000e+00
    110.503    12.6496    12.6495  40.801666  40.792230    228.495    228.706     0.1308     0.0380 3.1258e-01    35.1219    35.1129      0.691     27.000      98.66  0.000e+00
    110.503    12.6501    12.6492  40.802824  40.792355    228.484    228.702     0.1308     0.0356 3.1258e-01    35.1225    35.1133      0.695     27.042      98.66  0.000e+00
    110.542    12.6509    12.6497  40.804755  40.793041    228.473    228.695     0.1308     0.0356 3.1365e-01    35.1237    35.1135      0.696     27.083      98.66  0.000e+00
    110.557    12.6517    12.6498  40.805077  40.793228    228.463    228.688     0.1308     0.0356 3.1365e-01    35.1232    35.1135      0.701     27.125      98.66  0.000e+00
    110.620    12.6509    12.6497  40.803662  40.793415    228.463    228.694     0.1308     0.0380 3.1365e-01    35.1226    35.1138      0.702     27.167      98.68  0.000e+00
    110.620    12.6500    12.6500  40.801666  40.793291    228.462    228.697     0.1308     0.0356 3.1151e-01    35.1215    35.1134      0.704     27.208      98.66  0.000e+00
    110.675    12.6494    12.6497  40.800315  40.793416    228.460    228.703     0.1161     0.0332 3.1151e-01    35.1207    35.1138      0.706     27.250      98.66  0.000e+00
    110.675    12.6489    12.6497  40.800058  40.792979    228.455    228.695     0.1088     0.0356 3.1258e-01    35.1209    35.1134      0.708     27.292      98.66  0.000e+00
    110.675    12.6491    12.6495  40.800315  40.793104    228.447    228.685     0.1088     0.0332 3.1473e-01    35.1210    35.1137      0.706     27.333      98.66  0.000e+00
    110.792    12.6491    12.6496  40.801410  40.792917    228.442    228.690     0.1088     0.0332 3.1580e-01    35.1220    35.1133      0.711     27.375      98.66  0.000e+00
    110.730    12.6496    12.6497  40.801538  40.793353    228.431    228.687     0.1088     0.0356 3.1365e-01    35.1217    35.1137      0.712     27.417      98.66  0.000e+00
    110.792    12.6496    12.6500  40.802439  40.794289    228.425    228.687     0.1088     0.0332 3.0832e-01    35.1225    35.1143      0.710     27.458      98.66  0.000e+00
    110.847    12.6509    12.6498  40.804692  40.794040    228.412    228.689     0.1088     0.0356 3.0621e-01    35.1235    35.1142      0.712     27.500      98.68  0.000e+00
    110.792    12.6521    12.6498  40.806880  40.794165    228.396    228.686     0.1161     0.0356 3.0621e-01    35.1245    35.1143      0.710     27.542      98.68  0.000e+00
    110.910    12.6527    12.6500  40.807074  40.794290    228.401    228.687     0.1088     0.0332 3.0306e-01    35.1240    35.1143      0.712     27.583      98.66  0.000e+00
    110.839    12.6523    12.6498  40.806237  40.793978    228.396    228.684     0.1088     0.0356 3.0202e-01    35.1237    35.1141      0.706     27.625      98.66  0.000e+00
    110.910    12.6521    12.6498  40.805465  40.793916    228.393    228.684     0.1088     0.0356 3.0202e-01    35.1231    35.1141      0.704     27.667      98.66  0.000e+00
    110.965    12.6516    12.6498  40.804242  40.793916    228.392    228.683     0.1088     0.0356 3.0726e-01    35.1224    35.1140      0.703     27.708      98.66  0.000e+00
    110.965    12.6512    12.6498  40.803856  40.793604    228.387    228.538     0.1088     0.0332 3.0938e-01    35.1223    35.1137      0.701     27.750      98.66  0.000e+00
    110.965    12.6511    12.6498  40.803598  40.794103    228.381    228.522     0.1161     0.0332 3.0938e-01    35.1221    35.1142      0.699     27.792      98.66  0.000e+00
    110.965    12.6509    12.6500  40.804113  40.794290    228.374    228.507     0.1088     0.0356 3.1044e-01    35.1229    35.1143      0.691     27.833      98.66  0.000e+00
    111.020    12.6508    12.6498  40.804500  40.794290    228.369    228.495     0.1088     0.0356 3.1151e-01    35.1233    35.1144      0.686     27.875      98.66  0.000e+00
    111.020    12.6511    12.6500  40.804371  40.794290    228.374    228.337     0.1088     0.0356 3.1151e-01    35.1229    35.1142      0.681     27.917      98.66  0.000e+00
    111.082    12.6509    12.6498  40.804758  40.794291    228.369    228.314     0.1088     0.0356 3.0938e-01    35.1234    35.1143      0.677     27.958      98.66  0.000e+00
    111.082    12.6511    12.6498  40.804693  40.793979    228.374    228.290     0.1088     0.0332 3.0832e-01    35.1231    35.1140      0.672     28.000      98.66  0.000e+00
    111.082    12.6511    12.6497  40.804822  40.793604    228.380    228.266     0.1161     0.0356 3.0726e-01    35.1233    35.1138      0.664     28.042      98.66  0.000e+00
    111.082    12.6511    12.6496  40.804114  40.793542    228.388    228.242     0.1088     0.0332 3.0832e-01    35.1226    35.1138      0.657     28.083      98.66  0.000e+00
    111.137    12.6511    12.6497  40.803664  40.793792    228.397    228.077     0.1088     0.0332 3.0832e-01    35.1222    35.1140      0.650     28.125      98.66  0.000e+00
    111.184    12.6507    12.6500  40.803792  40.794416    228.407    228.185     0.1088     0.0332 3.0832e-01    35.1226    35.1142      0.646     28.167      98.66  0.000e+00
    111.082    12.6508    12.6504  40.804436  40.794852    228.411    228.158     0.1088     0.0356 3.0726e-01    35.1232    35.1144      0.636     28.208      98.66  0.000e+00
    111.200    12.6512    12.6505  40.805080  40.795476    228.421    227.996     0.1088     0.0332 3.0411e-01    35.1234    35.1148      0.630     28.250      98.66  0.000e+00
    111.200    12.6516    12.6507  40.805530  40.795663    228.416    227.964     0.1161     0.0332 3.0306e-01    35.1235    35.1148      0.621     28.292      98.66  0.000e+00
    111.200    12.6519    12.6508  40.806238  40.795663    228.411    227.932     0.1308     0.0356 3.0306e-01    35.1239    35.1147      0.613     28.333      98.66  0.000e+00
    111.200    12.6519    12.6510  40.806624  40.795913    228.407    227.901     0.1308     0.0380 3.0098e-01    35.1242    35.1147      0.602     28.375      98.68  0.000e+00
    111.255    12.6524    12.6508  40.806174  40.796038    228.405    227.874     0.1308     0.0356 2.9994e-01    35.1233    35.1150      0.594     28.417      98.66  0.000e+00
    111.200    12.6523    12.6508  40.806238  40.795788    228.277    227.844     0.1308     0.0380 2.9994e-01    35.1235    35.1148      0.583     28.458      98.66  0.000e+00
    111.255    12.6519    12.6510  40.806045  40.796225    228.267    227.829     0.1308     0.0356 2.9891e-01    35.1236    35.1150      0.574     28.500      98.66  0.000e+00
    111.255    12.6521    12.6510  40.806303  40.796100    228.253    227.815     0.1308     0.0356 2.9788e-01    35.1238    35.1149      0.561     28.542      98.66  0.000e+00
    111.317    12.6521    12.6512  40.805852  40.795477    228.255    227.805     0.1308     0.0356 2.9788e-01    35.1233    35.1141      0.557     28.583      98.66  0.000e+00
    111.200    12.6521    12.6508  40.805401  40.795850    228.242    227.790     0.1308     0.0356 2.9891e-01    35.1229    35.1148      0.543     28.625      98.66  0.000e+00
    111.317    12.6521    12.6512  40.805016  40.795477    228.235    227.783     0.1308     0.0356 2.9891e-01    35.1224    35.1141      0.532     28.667      98.66  0.000e+00
    111.317    12.6516    12.6510  40.804437  40.795539    228.227    227.775     0.1308     0.0380 2.9891e-01    35.1224    35.1143      0.520     28.708      98.66  0.000e+00
    111.255    12.6519    12.6508  40.803728  40.795102    228.215    227.768     0.1308     0.0380 3.0098e-01    35.1214    35.1141      0.504     28.750      98.66  0.000e+00
    111.302    12.6514    12.6512  40.803278  40.795227    228.221    227.762     0.1308     0.0380 3.0202e-01    35.1215    35.1139      0.493     28.792      98.66  0.000e+00
    111.317    12.6513    12.6510  40.802956  40.795040    228.226    227.759     0.1308     0.0380 3.0202e-01    35.1212    35.1138      0.479     28.833      98.66  0.000e+00
    111.317    12.6511    12.6507  40.802828  40.794978    228.231    227.757     0.1308     0.0380 3.0202e-01    35.1213    35.1141      0.464     28.875      98.68  0.000e+00
    111.317    12.6511    12.6504  40.802828  40.794167    228.100    227.758     0.1308     0.0380 3.0202e-01    35.1213    35.1136      0.453     28.917      98.68  0.000e+00
    111.317    12.6508    12.6504  40.802570  40.793605    228.085    227.759     0.1308     0.0356 3.0306e-01    35.1213    35.1131      0.437     28.958      98.68  0.000e+00
    111.317    12.6505    12.6498  40.802184  40.793543    228.071    227.762     0.1308     0.0380 2.9994e-01    35.1212    35.1135      0.425     29.000      98.66  0.000e+00
    111.318    12.6503    12.6498  40.801605  40.793293    228.058    227.766     0.1308     0.0380 2.9685e-01    35.1208    35.1133      0.412     29.042      98.66  0.000e+00
    111.318    12.6502    12.6498  40.801412  40.793231    228.046    227.770     0.1308     0.0380 2.9582e-01    35.1208    35.1132      0.396     29.083      98.66  0.000e+00
    111.318    12.6498    12.6497  40.800897  40.793231    228.035    227.776     0.1308     0.0380 2.9582e-01    35.1206    35.1134      0.381     29.125      98.66  0.000e+00
    111.318    12.6496    12.6498  40.800704  40.793418    228.024    227.782     0.1308     0.0380 2.9788e-01    35.1206    35.1134      0.365     29.167      98.68  0.000e+00
    111.318    12.6493    12.6497  40.800704  40.793293    228.014    227.792     0.1308     0.0380 2.9788e-01    35.1209    35.1134      0.351     29.208      98.68  0.000e+00
    111.318    12.6493    12.6498  40.800961  40.793231    228.004    227.801     0.1308     0.0356 2.9891e-01    35.1212    35.1132      0.336     29.250      98.66  0.000e+00
    111.318    12.6495    12.6498  40.801090  40.793231    227.994    227.812     0.1308     0.0356 2.9891e-01    35.1211    35.1132      0.322     29.292      98.66  0.000e+00
    111.318    12.6493    12.6495  40.800318  40.792420    227.988    227.827     0.1308     0.0380 2.9891e-01    35.1205    35.1128      0.306     29.333      98.66  0.000e+00
    111.255    12.6489    12.6493  40.799481  40.792170    227.846    227.983     0.1308     0.0405 2.9788e-01    35.1201    35.1127      0.285     29.375      98.66  0.000e+00
    111.302    12.6486    12.6490  40.798258  40.791859    227.969    227.870     0.1308     0.0405 2.9788e-01    35.1192    35.1127      0.273     29.417      98.66  0.000e+00
    111.318    12.6481    12.6490  40.798130  40.791484    227.831    227.887     0.1308     0.0380 2.9685e-01    35.1196    35.1123      0.256     29.458      98.66  0.000e+00
    111.255    12.6479    12.6487  40.797743  40.791172    227.816    228.047     0.1308     0.0405 2.9685e-01    35.1194    35.1124      0.238     29.500      98.68  0.000e+00
    111.318    12.6479    12.6487  40.797550  40.790798    227.805    228.080     0.1308     0.0380 2.9685e-01    35.1192    35.1120      0.227     29.542      98.66  0.000e+00
    111.255    12.6480    12.6485  40.797550  40.790985    227.791    228.109     0.1308     0.0405 2.9685e-01    35.1191    35.1123      0.206     29.583      98.66  0.000e+00
    111.255    12.6479    12.6485  40.797808  40.791110    227.781    227.999     0.1308     0.0405 2.9685e-01    35.1194    35.1124      0.192     29.625      98.66  0.000e+00
    111.255    12.6481    12.6489  40.798451  40.790798    227.770    228.020     0.1308     0.0380 2.9378e-01    35.1199    35.1118      0.173     29.667      98.66  0.000e+00
    111.255    12.6482    12.6485  40.799159  40.790985    227.761    228.187     0.1308     0.0380 2.9175e-01    35.1205    35.1124      0.157     29.708      98.66  0.000e+00
    111.255    12.6486    12.6487  40.800317  40.791609    227.752    228.079     0.1308     0.0405 2.9175e-01    35.1212    35.1128      0.144     29.750      98.66  0.000e+00
    111.200    12.6491    12.6487  40.801540  40.791796    227.742    228.091     0.1308     0.0405 2.9175e-01    35.1219    35.1130      0.127     29.792      98.68  0.000e+00
    111.200    12.6499    12.6492  40.804179  40.792856    227.732    228.103     0.1308     0.0380 2.9175e-01    35.1237    35.1135      0.109     29.833      98.66  0.000e+00
    111.255    12.6509    12.6495  40.805981  40.793418    227.726    228.119     0.1308     0.0380 2.9175e-01    35.1245    35.1137      0.094     29.875      98.66  0.000e+00
    111.200    12.6519    12.6495  40.807139  40.793543    227.719    228.134     0.1308     0.0405 2.9175e-01    35.1247    35.1139      0.078     29.917      98.66  0.000e+00
    111.138    12.6523    12.6498  40.808169  40.793542    227.715    228.137     0.1308     0.0380 2.9175e-01    35.1254    35.1136      0.058     29.958      98.66  0.000e+00
    111.185    12.6530    12.6500  40.809006  40.793542    227.715    228.145     0.1308     0.0380 2.9175e-01    35.1255    35.1134      0.044     30.000      98.66  0.000e+00
    111.201    12.6534    12.6497  40.809649  40.793293    227.717    228.154     0.1308     0.0405 2.9175e-01    35.1257    35.1135      0.031     30.042      98.66  0.000e+00
    111.138    12.6535    12.6497  40.809070  40.793230    227.585    228.160     0.1308     0.0405 2.9175e-01    35.1251    35.1134      0.014     30.083      98.66  0.000e+00
