main/SO308-2_005_3.cnv
* Sea-Bird SBE 9 Data File:
* FileName = D:\CTDData\SO308_2\raw data\SO308-2_005_3.hex
* Software Version Seasave V 7.26.1.8
* Temperature SN = 6051
* Conductivity SN = 4262
* Number of Bytes Per Scan = 41
* Number of Voltage Words = 4
* Number of Scans Averaged by the Deck Unit = 1
* NMEA Latitude = 38 59.66 S
* NMEA Longitude = 132 32.31 E
* NMEA UTC (Time) = Jan 01 2025  06:50:17
* NMEA baud rate = 4800
# nquan = 16
# nvalues = 1566                                  
# units = specified
# name 0 = prDM: Pressure, Digiquartz [db]
# name 1 = t090C: Temperature [ITS-90, deg C]
# name 2 = t190C: Temperature, 2 [ITS-90, deg C]
# name 3 = c0mS/cm: Conductivity [mS/cm]
# name 4 = c1mS/cm: Conductivity, 2 [mS/cm]
# name 5 = sbox0Mm/Kg: Oxygen, SBE 43 [umol/kg]
# name 6 = sbox1Mm/Kg: Oxygen, SBE 43, 2 [umol/kg]
# name 7 = flECO-AFL: Fluorescence, WET Labs ECO-AFL/FL [mg/m^3]
# name 8 = turbWETntu0: Turbidity, WET Labs ECO [NTU]
# name 9 = par: PAR/Irradiance, Biospherical/Licor
# name 10 = sal00: Salinity, Practical [PSU]
# name 11 = sal11: Salinity, Practical, 2 [PSU]
# name 12 = dz/dtM: Descent Rate [m/s]
# name 13 = timeS: Time, Elapsed [seconds]
# name 14 = altM: Altimeter [m]
# name 15 = flag:  0.000e+00
# span 0 =    108.130,    112.484                 
# span 1 =    12.6402,    12.6614                 
# span 2 =    12.6425,    12.6630                 
# span 3 =  40.786542,  40.821814                 
# span 4 =  40.780812,  40.815875                 
# span 5 =    226.753,    229.034                 
# span 6 =    226.136,    229.082                 
# span 7 =     0.1088,     0.1528                 
# span 8 =     0.0283,     0.0502                 
# span 9 = 1.3230e-01, 3.2234e-01                 
# span 10 =    35.1143,    35.1308                
# span 11 =    35.1075,    35.1236                
# span 12 =     -0.820,      1.021                
# span 13 =      0.000,     65.208                
# span 14 =      98.63,      98.68                
# span 15 = 0.0000e+00, 0.0000e+00                
# interval = seconds: 0.0416667
# start_time = Jan 01 2025 06:50:35 [NMEA time, first data scan]
# bad_flag = -9.990e-29
*END*
[from data line 1356]
    108.999    12.6456    12.6463  40.791042  40.784552    227.804    228.218     0.1088     0.0356 2.6169e-01    35.1161    35.1091     -0.819     56.500      98.66  0.000e+00
    108.936    12.6454    12.6465  40.791427  40.784364    227.825    228.243     0.1161     0.0356 2.5984e-01    35.1166    35.1088     -0.820     56.542      98.68  0.000e+00
    108.881    12.6456    12.6467  40.791363  40.784302    227.835    228.269     0.1088     0.0332 2.5984e-01    35.1164    35.1086     -0.820     56.583      98.66  0.000e+00
    108.881    12.6456    12.6465  40.791298  40.784302    227.848    228.296     0.1088     0.0332 2.5984e-01    35.1164    35.1088     -0.820     56.625      98.66  0.000e+00
    108.881    12.6456    12.6467  40.791298  40.784551    227.860    228.310     0.1088     0.0356 2.5892e-01    35.1164    35.1089     -0.815     56.667      98.66  0.000e+00
    108.827    12.6456    12.6466  40.791298  40.784426    227.871    228.322     0.1088     0.0356 2.5892e-01    35.1164    35.1088     -0.814     56.708      98.66  0.000e+00
    108.748    12.6456    12.6465  40.791298  40.784301    227.892    228.476     0.1088     0.0356 2.5892e-01    35.1164    35.1089     -0.817     56.750      98.66  0.000e+00
    108.764    12.6456    12.6465  40.790976  40.784551    227.906    228.356     0.1088     0.0332 2.5984e-01    35.1161    35.1091     -0.812     56.792      98.66  0.000e+00
    108.709    12.6458    12.6467  40.791169  40.784426    227.916    228.518     0.1088     0.0356 2.5984e-01    35.1161    35.1088     -0.812     56.833      98.68  0.000e+00
    108.764    12.6456    12.6465  40.791298  40.784301    227.931    228.553     0.1088     0.0356 2.5892e-01    35.1164    35.1088     -0.806     56.875      98.68  0.000e+00
    108.647    12.6456    12.6463  40.790976  40.784301    227.940    228.582     0.1088     0.0356 2.5800e-01    35.1161    35.1090     -0.806     56.917      98.66  0.000e+00
    108.647    12.6458    12.6462  40.791169  40.784550    228.088    228.601     0.1161     0.0332 2.5800e-01    35.1162    35.1095     -0.801     56.958      98.66  0.000e+00
    108.647    12.6458    12.6465  40.791298  40.784925    228.111    228.617     0.1235     0.0332 2.5892e-01    35.1163    35.1095     -0.797     57.000      98.66  0.000e+00
    108.592    12.6458    12.6462  40.790976  40.784800    228.133    228.632     0.1308     0.0356 2.6077e-01    35.1160    35.1097     -0.791     57.042      98.66  0.000e+00
    108.576    12.6458    12.6463  40.791169  40.784924    228.155    228.634     0.1308     0.0332 2.6169e-01    35.1162    35.1097     -0.787     57.083      98.66  0.000e+00
    108.537    12.6458    12.6463  40.790718  40.784800    228.176    228.646     0.1308     0.0356 2.6169e-01    35.1158    35.1096     -0.784     57.125      98.68  0.000e+00
    108.537    12.6458    12.6463  40.791104  40.784675    228.197    228.645     0.1308     0.0332 2.6169e-01    35.1161    35.1094     -0.777     57.167      98.66  0.000e+00
    108.537    12.6458    12.6463  40.790718  40.784363    228.355    228.643     0.1308     0.0332 2.6169e-01    35.1158    35.1091     -0.771     57.208      98.66  0.000e+00
    108.474    12.6458    12.6463  40.790782  40.784612    228.249    228.649     0.1308     0.0356 2.6169e-01    35.1159    35.1094     -0.765     57.250      98.66  0.000e+00
    108.474    12.6456    12.6462  40.790911  40.784675    228.269    228.655     0.1308     0.0332 2.6449e-01    35.1162    35.1096     -0.758     57.292      98.66  0.000e+00
    108.474    12.6456    12.6463  40.791426  40.784675    228.423    228.659     0.1308     0.0356 2.6542e-01    35.1166    35.1095     -0.750     57.333      98.68  0.000e+00
    108.420    12.6456    12.6463  40.790846  40.784674    228.440    228.649     0.1308     0.0356 2.6542e-01    35.1161    35.1095     -0.739     57.375      98.66  0.000e+00
    108.404    12.6456    12.6463  40.791104  40.784674    228.456    228.639     0.1308     0.0356 2.5984e-01    35.1164    35.1095     -0.732     57.417      98.68  0.000e+00
    108.357    12.6456    12.6465  40.790975  40.784425    228.469    228.637     0.1308     0.0332 2.5617e-01    35.1163    35.1091     -0.728     57.458      98.66  0.000e+00
    108.420    12.6458    12.6463  40.790653  40.784550    228.485    228.494     0.1308     0.0332 2.5617e-01    35.1158    35.1094     -0.716     57.500      98.66  0.000e+00
    108.357    12.6458    12.6465  40.791103  40.784425    228.494    228.621     0.1308     0.0356 2.5984e-01    35.1162    35.1091     -0.709     57.542      98.66  0.000e+00
    108.302    12.6456    12.6467  40.790974  40.784549    228.640    228.472     0.1308     0.0332 2.6262e-01    35.1163    35.1091     -0.701     57.583      98.66  0.000e+00
    108.357    12.6458    12.6465  40.790910  40.784362    228.526    228.458     0.1308     0.0332 2.6262e-01    35.1160    35.1091     -0.690     57.625      98.66  0.000e+00
    108.302    12.6458    12.6465  40.791167  40.784611    228.531    228.438     0.1308     0.0356 2.5984e-01    35.1163    35.1093     -0.676     57.667      98.68  0.000e+00
    108.302    12.6458    12.6465  40.791296  40.784175    228.673    228.421     0.1308     0.0356 2.5800e-01    35.1164    35.1089     -0.665     57.708      98.66  0.000e+00
    108.232    12.6458    12.6465  40.790974  40.784237    228.687    228.399     0.1308     0.0356 2.5708e-01    35.1162    35.1090     -0.659     57.750      98.66  0.000e+00
    108.302    12.6458    12.6462  40.791167  40.784300    228.702    228.382     0.1308     0.0356 2.6169e-01    35.1163    35.1094     -0.644     57.792      98.66  0.000e+00
    108.240    12.6454    12.6463  40.791296  40.784299    228.713    228.358     0.1235     0.0332 2.6731e-01    35.1168    35.1092     -0.634     57.833      98.66  0.000e+00
    108.240    12.6458    12.6463  40.791296  40.784611    228.722    228.193     0.1308     0.0332 2.6920e-01    35.1165    35.1095     -0.621     57.875      98.66  0.000e+00
    108.240    12.6458    12.6463  40.791746  40.784362    228.729    228.160     0.1308     0.0356 2.6825e-01    35.1169    35.1093     -0.609     57.917      98.68  0.000e+00
    108.185    12.6458    12.6466  40.791682  40.784611    228.734    228.122     0.1308     0.0356 2.6825e-01    35.1169    35.1093     -0.600     57.958      98.66  0.000e+00
    108.240    12.6458    12.6463  40.791811  40.784175    228.875    228.091     0.1308     0.0356 2.6825e-01    35.1170    35.1091     -0.584     58.000      98.68  0.000e+00
    108.240    12.6456    12.6463  40.791682  40.784175    228.889    228.056     0.1308     0.0356 2.6731e-01    35.1170    35.1091     -0.570     58.042      98.66  0.000e+00
    108.169    12.6460    12.6462  40.792132  40.784299    228.896    228.018     0.1308     0.0332 2.6542e-01    35.1171    35.1094     -0.558     58.083      98.66  0.000e+00
    108.185    12.6460    12.6463  40.792325  40.784299    228.904    227.982     0.1308     0.0356 2.6449e-01    35.1173    35.1092     -0.545     58.125      98.66  0.000e+00
    108.185    12.6456    12.6462  40.792068  40.784299    228.912    227.946     0.1308     0.0356 2.6449e-01    35.1174    35.1094     -0.529     58.167      98.66  0.000e+00
    108.185    12.6458    12.6462  40.791682  40.784050    228.916    227.778     0.1308     0.0356 2.6542e-01    35.1169    35.1092     -0.513     58.208      98.68  0.000e+00
    108.185    12.6456    12.6463  40.791360  40.783987    228.918    227.741     0.1308     0.0332 2.6449e-01    35.1167    35.1089     -0.499     58.250      98.66  0.000e+00
    108.185    12.6458    12.6463  40.791489  40.784237    228.917    227.705     0.1308     0.0356 2.6449e-01    35.1167    35.1092     -0.483     58.292      98.66  0.000e+00
    108.185    12.6454    12.6463  40.791038  40.784299    228.915    227.670     0.1308     0.0356 2.6355e-01    35.1166    35.1092     -0.468     58.333      98.66  0.000e+00
    108.169    12.6458    12.6462  40.791167  40.784611    228.908    227.635     0.1308     0.0332 2.6262e-01    35.1164    35.1097     -0.455     58.375      98.66  0.000e+00
    108.185    12.6456    12.6462  40.791296  40.784174    228.901    227.613     0.1308     0.0332 2.6262e-01    35.1166    35.1093     -0.438     58.417      98.66  0.000e+00
    108.185    12.6454    12.6463  40.790974  40.784486    229.027    227.591     0.1308     0.0356 2.6731e-01    35.1165    35.1094     -0.421     58.458      98.66  0.000e+00
    108.130    12.6454    12.6462  40.790652  40.784424    228.900    227.427     0.1308     0.0332 2.7110e-01    35.1162    35.1096     -0.407     58.500      98.68  0.000e+00
    108.185    12.6454    12.6462  40.791103  40.784549    229.034    227.397     0.1308     0.0356 2.7110e-01    35.1166    35.1096     -0.388     58.542      98.66  0.000e+00
    108.185    12.6456    12.6462  40.790974  40.784673    228.903    227.368     0.1308     0.0356 2.7015e-01    35.1163    35.1098     -0.371     58.583      98.66  0.000e+00
    108.185    12.6454    12.6462  40.790910  40.784362    229.032    227.483     0.1308     0.0356 2.6825e-01    35.1164    35.1095     -0.355     58.625      98.66  0.000e+00
    108.185    12.6454    12.6463  40.791167  40.784861    229.033    227.324     0.1308     0.0332 2.6825e-01    35.1167    35.1098     -0.338     58.667      98.66  0.000e+00
    108.232    12.6456    12.6463  40.790974  40.784237    229.033    227.443     0.1308     0.0332 2.6731e-01    35.1163    35.1091     -0.316     58.708      98.66  0.000e+00
    108.185    12.6454    12.6463  40.790910  40.784486    229.029    227.286     0.1308     0.0332 2.6636e-01    35.1164    35.1094     -0.299     58.750      98.66  0.000e+00
    108.240    12.6452    12.6463  40.790910  40.784674    229.026    227.276     0.1308     0.0332 2.6636e-01    35.1166    35.1096     -0.281     58.792      98.68  0.000e+00
    108.240    12.6453    12.6462  40.791425  40.784362    229.017    227.398     0.1308     0.0356 2.6542e-01    35.1170    35.1094     -0.262     58.833      98.66  0.000e+00
    108.185    12.6456    12.6462  40.791360  40.784549    229.004    227.399     0.1308     0.0332 2.6355e-01    35.1167    35.1096     -0.248     58.875      98.66  0.000e+00
    108.240    12.6454    12.6463  40.791489  40.784674    228.993    227.404     0.1308     0.0356 2.6262e-01    35.1170    35.1096     -0.225     58.917      98.66  0.000e+00
    108.240    12.6454    12.6463  40.791811  40.784362    228.978    227.410     0.1308     0.0332 2.6355e-01    35.1173    35.1093     -0.209     58.958      98.66  0.000e+00
    108.287    12.6456    12.6463  40.791682  40.784861    228.973    227.418     0.1308     0.0356 2.6542e-01    35.1170    35.1097     -0.189     59.000      98.66  0.000e+00
    108.240    12.6452    12.6462  40.791618  40.784736    228.966    227.426     0.1308     0.0356 2.6636e-01    35.1173    35.1098     -0.171     59.042      98.68  0.000e+00
    108.240    12.6454    12.6463  40.791360  40.784923    228.956    227.435     0.1308     0.0356 2.6636e-01    35.1169    35.1098     -0.155     59.083      98.66  0.000e+00
    108.357    12.6452    12.6465  40.791296  40.784487    228.949    227.592     0.1235     0.0356 2.6449e-01    35.1169    35.1092     -0.133     59.125      98.66  0.000e+00
    108.302    12.6453    12.6463  40.791296  40.784549    228.934    227.472     0.1235     0.0356 2.6449e-01    35.1169    35.1094     -0.115     59.167      98.66  0.000e+00
    108.302    12.6453    12.6463  40.791489  40.785235    228.919    227.627     0.1235     0.0356 2.6449e-01    35.1171    35.1101     -0.097     59.208      98.66  0.000e+00
    108.357    12.6452    12.6463  40.791361  40.785111    228.916    227.655     0.1235     0.0356 2.6731e-01    35.1170    35.1099     -0.075     59.250      98.66  0.000e+00
    108.357    12.6453    12.6465  40.791490  40.785235    228.897    227.681     0.1235     0.0356 2.6920e-01    35.1171    35.1099     -0.057     59.292      98.68  0.000e+00
    108.404    12.6453    12.6467  40.791811  40.785360    229.014    227.709     0.1235     0.0356 2.7015e-01    35.1173    35.1098     -0.035     59.333      98.68  0.000e+00
    108.420    12.6452    12.6465  40.791940  40.785360    228.879    227.739     0.1235     0.0356 2.6920e-01    35.1175    35.1100     -0.013     59.375      98.68  0.000e+00
    108.420    12.6454    12.6465  40.791940  40.785672    228.866    227.768     0.1235     0.0356 2.6825e-01    35.1173    35.1103      0.007     59.417      98.66  0.000e+00
    108.420    12.6458    12.6465  40.792198  40.785423    228.851    227.942     0.1235     0.0356 2.6825e-01    35.1172    35.1101      0.025     59.458      98.66  0.000e+00
    108.475    12.6456    12.6467  40.792005  40.785922    228.838    227.984     0.1235     0.0332 2.6542e-01    35.1172    35.1103      0.044     59.500      98.66  0.000e+00
    108.475    12.6458    12.6465  40.791940  40.786359    228.957    228.015     0.1235     0.0332 2.6169e-01    35.1170    35.1109      0.066     59.542      98.66  0.000e+00
    108.420    12.6456    12.6468  40.791940  40.786171    228.949    228.056     0.1235     0.0332 2.6169e-01    35.1172    35.1105      0.081     59.583      98.66  0.000e+00
    108.537    12.6456    12.6465  40.792198  40.786109    228.955    228.092     0.1235     0.0356 2.6449e-01    35.1174    35.1107      0.100     59.625      98.66  0.000e+00
    108.577    12.6456    12.6468  40.792327  40.786110    228.810    228.124     0.1235     0.0332 2.6825e-01    35.1175    35.1103      0.123     59.667      98.68  0.000e+00
    108.537    12.6458    12.6466  40.792327  40.786109    228.785    228.297     0.1235     0.0356 2.6920e-01    35.1173    35.1105      0.141     59.708      98.66  0.000e+00
    108.592    12.6460    12.6465  40.793099  40.785860    228.772    228.342     0.1235     0.0332 2.6920e-01    35.1179    35.1104      0.161     59.750      98.66  0.000e+00
    108.647    12.6460    12.6467  40.793872  40.785736    228.759    228.385     0.1235     0.0356 2.7015e-01    35.1186    35.1101      0.179     59.792      98.66  0.000e+00
    108.647    12.6461    12.6467  40.794065  40.785985    228.744    228.426     0.1235     0.0356 2.7015e-01    35.1187    35.1103      0.200     59.833      98.66  0.000e+00
    108.647    12.6460    12.6467  40.793293  40.786359    228.730    228.466     0.1235     0.0332 2.6920e-01    35.1180    35.1107      0.217     59.875      98.66  0.000e+00
    108.710    12.6460    12.6467  40.793035  40.786484    228.716    228.497     0.1235     0.0356 2.6825e-01    35.1178    35.1108      0.237     59.917      98.66  0.000e+00
    108.710    12.6456    12.6468  40.793035  40.786484    228.700    228.524     0.1235     0.0356 2.6825e-01    35.1181    35.1107      0.255     59.958      98.66  0.000e+00
    108.749    12.6458    12.6467  40.792456  40.786484    228.683    228.552     0.1235     0.0332 2.6731e-01    35.1174    35.1108      0.271     60.000      98.66  0.000e+00
    108.827    12.6454    12.6468  40.792843  40.786173    228.542    228.581     0.1235     0.0332 2.6731e-01    35.1180    35.1103      0.294     60.042      98.66  0.000e+00
    108.827    12.6456    12.6467  40.793036  40.786111    228.658    228.606     0.1235     0.0356 2.6731e-01    35.1180    35.1104      0.315     60.083      98.66  0.000e+00
    108.827    12.6454    12.6467  40.792714  40.786360    228.652    228.630     0.1235     0.0356 2.6731e-01    35.1179    35.1106      0.331     60.125      98.66  0.000e+00
    108.882    12.6452    12.6465  40.792907  40.786173    228.645    228.655     0.1161     0.0356 2.6731e-01    35.1182    35.1106      0.349     60.167      98.66  0.000e+00
    108.937    12.6454    12.6466  40.792715  40.786111    228.637    228.679     0.1088     0.0356 2.6731e-01    35.1179    35.1104      0.368     60.208      98.68  0.000e+00
