main/SO308-2_005_3.cnv
* Sea-Bird SBE 9 Data File:
* FileName = D:\CTDData\SO308_2\raw data\SO308-2_005_3.hex
* Software Version Seasave V 7.26.1.8
* Temperature SN = 6051
* Conductivity SN = 4262
* Number of Bytes Per Scan = 41
* Number of Voltage Words = 4
* Number of Scans Averaged by the Deck Unit = 1
* NMEA Latitude = 38 59.66 S
* NMEA Longitude = 132 32.31 E
* NMEA UTC (Time) = Jan 01 2025  06:50:17
* NMEA baud rate = 4800
# nquan = 16
# nvalues = 1566                                  
# units = specified
# name 0 = prDM: Pressure, Digiquartz [db]
# name 1 = t090C: Temperature [ITS-90, deg C]
# name 2 = t190C: Temperature, 2 [ITS-90, deg C]
# name 3 = c0mS/cm: Conductivity [mS/cm]
# name 4 = c1mS/cm: Conductivity, 2 [mS/cm]
# name 5 = sbox0Mm/Kg: Oxygen, SBE 43 [umol/kg]
# name 6 = sbox1Mm/Kg: Oxygen, SBE 43, 2 [umol/kg]
# name 7 = flECO-AFL: Fluorescence, WET Labs ECO-AFL/FL [mg/m^3]
# name 8 = turbWETntu0: Turbidity, WET Labs ECO [NTU]
# name 9 = par: PAR/Irradiance, Biospherical/Licor
# name 10 = sal00: Salinity, Practical [PSU]
# name 11 = sal11: Salinity, Practical, 2 [PSU]
# name 12 = dz/dtM: Descent Rate [m/s]
# name 13 = timeS: Time, Elapsed [seconds]
# name 14 = altM: Altimeter [m]
# name 15 = flag:  0.000e+00
# span 0 =    108.130,    112.484                 
# span 1 =    12.6402,    12.6614                 
# span 2 =    12.6425,    12.6630                 
# span 3 =  40.786542,  40.821814                 
# span 4 =  40.780812,  40.815875                 
# span 5 =    226.753,    229.034                 
# span 6 =    226.136,    229.082                 
# span 7 =     0.1088,     0.1528                 
# span 8 =     0.0283,     0.0502                 
# span 9 = 1.3230e-01, 3.2234e-01                 
# span 10 =    35.1143,    35.1308                
# span 11 =    35.1075,    35.1236                
# span 12 =     -0.820,      1.021                
# span 13 =      0.000,     65.208                
# span 14 =      98.63,      98.68                
# span 15 = 0.0000e+00, 0.0000e+00                
# interval = seconds: 0.0416667
# start_time = Jan 01 2025 06:50:35 [NMEA time, first data scan]
# bad_flag = -9.990e-29
*END*
[from data line 362]
    110.145    12.6482    12.6487  40.799026  40.790607    227.943    227.856     0.1528     0.0380 2.9276e-01    35.1208    35.1123      0.288     15.083      98.66  0.000e+00
    110.145    12.6482    12.6489  40.798704  40.790981    227.949    227.984     0.1528     0.0380 2.9480e-01    35.1205    35.1125      0.301     15.125      98.66  0.000e+00
    110.192    12.6487    12.6487  40.799670  40.791106    227.953    227.854     0.1528     0.0356 2.9891e-01    35.1209    35.1127      0.317     15.167      98.66  0.000e+00
    110.208    12.6486    12.6487  40.799734  40.790544    227.960    227.986     0.1528     0.0380 2.9994e-01    35.1211    35.1122      0.332     15.208      98.66  0.000e+00
    110.208    12.6488    12.6483  40.800764  40.789796    227.963    227.845     0.1528     0.0356 2.9891e-01    35.1219    35.1118      0.345     15.250      98.66  0.000e+00
    110.317    12.6496    12.6480  40.802695  40.789672    227.966    227.993     0.1528     0.0380 2.9378e-01    35.1230    35.1119      0.364     15.292      98.66  0.000e+00
    110.263    12.6496    12.6482  40.802952  40.789859    227.970    227.848     0.1528     0.0356 2.9175e-01    35.1232    35.1120      0.374     15.333      98.66  0.000e+00
    110.317    12.6505    12.6487  40.803339  40.791044    227.973    227.836     0.1528     0.0380 2.9276e-01    35.1227    35.1126      0.392     15.375      98.66  0.000e+00
    110.380    12.6510    12.6487  40.804883  40.790857    227.977    227.828     0.1528     0.0380 2.9378e-01    35.1238    35.1124      0.405     15.417      98.68  0.000e+00
    110.380    12.6521    12.6485  40.807072  40.790982    227.976    227.819     0.1528     0.0380 2.9378e-01    35.1248    35.1127      0.419     15.458      98.68  0.000e+00
    110.380    12.6529    12.6492  40.808488  40.792105    227.976    227.807     0.1528     0.0380 2.9378e-01    35.1254    35.1132      0.431     15.500      98.66  0.000e+00
    110.435    12.6539    12.6497  40.810161  40.793228    227.978    227.796     0.1454     0.0380 2.9480e-01    35.1261    35.1137      0.444     15.542      98.66  0.000e+00
    110.435    12.6542    12.6505  40.809775  40.795099    227.971    227.925     0.1308     0.0380 2.9582e-01    35.1255    35.1148      0.456     15.583      98.66  0.000e+00
    110.537    12.6539    12.6523  40.807973  40.798593    227.971    227.778     0.1308     0.0356 2.9582e-01    35.1239    35.1164      0.471     15.625      98.66  0.000e+00
    110.498    12.6531    12.6538  40.807394  40.801961    227.967    227.902     0.1308     0.0380 2.9276e-01    35.1241    35.1182      0.482     15.667      98.68  0.000e+00
    110.552    12.6524    12.6553  40.806622  40.804082    227.976    227.899     0.1308     0.0356 2.9175e-01    35.1241    35.1189      0.494     15.708      98.66  0.000e+00
    110.615    12.6521    12.6564  40.806365  40.805580    227.984    227.757     0.1308     0.0356 2.9175e-01    35.1240    35.1193      0.510     15.750      98.66  0.000e+00
    110.615    12.6523    12.6570  40.806365  40.807264    228.111    227.745     0.1308     0.0356 2.9378e-01    35.1239    35.1203      0.521     15.792      98.66  0.000e+00
    110.670    12.6521    12.6576  40.806107  40.807950    228.117    227.737     0.1308     0.0380 2.9582e-01    35.1238    35.1204      0.535     15.833      98.66  0.000e+00
    110.670    12.6516    12.6577  40.805464  40.807327    228.121    227.732     0.1308     0.0380 2.9582e-01    35.1237    35.1197      0.544     15.875      98.66  0.000e+00
    110.725    12.6513    12.6568  40.805271  40.805143    228.125    227.876     0.1308     0.0356 2.9685e-01    35.1237    35.1184      0.559     15.917      98.66  0.000e+00
    110.725    12.6511    12.6564  40.804241  40.804519    228.139    227.884     0.1308     0.0356 2.9891e-01    35.1229    35.1182      0.565     15.958      98.66  0.000e+00
    110.787    12.6502    12.6572  40.803598  40.806454    228.156    227.886     0.1308     0.0356 2.9994e-01    35.1231    35.1193      0.576     16.000      98.68  0.000e+00
    110.787    12.6501    12.6579  40.803276  40.807514    228.168    227.888     0.1308     0.0356 2.9685e-01    35.1229    35.1197      0.588     16.042      98.66  0.000e+00
    110.787    12.6498    12.6572  40.803212  40.806142    228.179    227.898     0.1308     0.0380 2.9276e-01    35.1231    35.1190      0.593     16.083      98.66  0.000e+00
    110.842    12.6494    12.6562  40.802633  40.803709    228.193    227.912     0.1308     0.0380 2.9175e-01    35.1228    35.1176      0.602     16.125      98.66  0.000e+00
    110.944    12.6500    12.6552  40.804564  40.802836    228.200    227.925     0.1308     0.0356 2.9175e-01    35.1241    35.1176      0.615     16.167      98.66  0.000e+00
    110.905    12.6516    12.6545  40.807589  40.801401    228.198    227.946     0.1308     0.0356 2.9175e-01    35.1256    35.1169      0.625     16.208      98.66  0.000e+00
    110.960    12.6534    12.6536  40.811386  40.800216    228.196    227.958     0.1308     0.0380 2.9276e-01    35.1275    35.1166      0.629     16.250      98.68  0.000e+00
    110.960    12.6561    12.6537  40.814926  40.801464    228.326    227.962     0.1308     0.0356 2.9276e-01    35.1284    35.1177      0.636     16.292      98.68  0.000e+00
    111.015    12.6578    12.6555  40.817179  40.805020    228.189    227.959     0.1308     0.0380 2.9276e-01    35.1290    35.1194      0.644     16.333      98.66  0.000e+00
    111.015    12.6589    12.6572  40.818338  40.809137    228.190    227.953     0.1308     0.0356 2.9276e-01    35.1290    35.1218      0.648     16.375      98.66  0.000e+00
    111.077    12.6598    12.6592  40.819368  40.811508    228.329    227.951     0.1308     0.0380 2.9276e-01    35.1292    35.1222      0.657     16.417      98.66  0.000e+00
    111.077    12.6606    12.6601  40.820205  40.812257    228.341    227.953     0.1308     0.0356 2.9074e-01    35.1293    35.1221      0.663     16.458      98.66  0.000e+00
    111.132    12.6610    12.6602  40.820849  40.812007    228.219    227.961     0.1308     0.0356 2.9074e-01    35.1294    35.1217      0.669     16.500      98.66  0.000e+00
    111.132    12.6612    12.6607  40.821299  40.812818    228.345    227.964     0.1308     0.0380 2.8973e-01    35.1297    35.1220      0.672     16.542      98.68  0.000e+00
    111.132    12.6611    12.6617  40.821492  40.814066    228.222    227.965     0.1308     0.0356 2.8872e-01    35.1299    35.1223      0.675     16.583      98.68  0.000e+00
    111.195    12.6614    12.6621  40.821686  40.815002    228.348    227.971     0.1235     0.0405 2.8872e-01    35.1298    35.1228      0.678     16.625      98.66  0.000e+00
    111.249    12.6611    12.6623  40.821557  40.815127    228.227    227.978     0.1235     0.0380 2.8872e-01    35.1299    35.1227      0.681     16.667      98.66  0.000e+00
    111.242    12.6611    12.6624  40.821686  40.815439    228.226    228.125     0.1235     0.0405 2.8872e-01    35.1301    35.1228      0.685     16.708      98.66  0.000e+00
    111.249    12.6611    12.6623  40.821493  40.815502    228.226    228.012     0.1235     0.0405 2.8872e-01    35.1300    35.1231      0.684     16.750      98.66  0.000e+00
    111.312    12.6608    12.6624  40.821236  40.815003    228.227    228.020     0.1235     0.0380 2.8872e-01    35.1299    35.1224      0.688     16.792      98.68  0.000e+00
    111.312    12.6609    12.6623  40.821364  40.814815    228.361    228.169     0.1235     0.0380 2.8973e-01    35.1300    35.1224      0.689     16.833      98.66  0.000e+00
    111.312    12.6608    12.6621  40.821107  40.815127    228.234    228.044     0.1235     0.0380 2.9074e-01    35.1298    35.1229      0.687     16.875      98.66  0.000e+00
    111.367    12.6604    12.6622  40.821107  40.815440    228.358    228.193     0.1235     0.0405 2.9175e-01    35.1302    35.1231      0.685     16.917      98.66  0.000e+00
    111.367    12.6603    12.6623  40.821043  40.815502    228.365    228.067     0.1235     0.0380 2.9175e-01    35.1302    35.1230      0.682     16.958      98.66  0.000e+00
    111.367    12.6601    12.6619  40.820592  40.815502    228.372    228.073     0.1235     0.0380 2.9175e-01    35.1299    35.1233      0.680     17.000      98.66  0.000e+00
    111.422    12.6598    12.6621  40.820077  40.815315    228.368    228.222     0.1235     0.0405 2.9276e-01    35.1297    35.1230      0.675     17.042      98.66  0.000e+00
    111.422    12.6596    12.6619  40.820206  40.814878    228.372    228.239     0.1235     0.0380 2.9175e-01    35.1300    35.1227      0.673     17.083      98.66  0.000e+00
    111.422    12.6595    12.6613  40.820399  40.814816    228.374    228.245     0.1235     0.0405 2.8973e-01    35.1303    35.1233      0.668     17.125      98.68  0.000e+00
    111.484    12.6594    12.6610  40.820657  40.814504    228.241    228.263     0.1161     0.0380 2.8973e-01    35.1306    35.1232      0.664     17.167      98.66  0.000e+00
    111.422    12.6592    12.6609  40.819884  40.814255    228.231    228.264     0.1235     0.0380 2.8973e-01    35.1301    35.1231      0.655     17.208      98.66  0.000e+00
    111.539    12.6591    12.6609  40.820014  40.814380    228.224    228.280     0.1235     0.0380 2.8772e-01    35.1303    35.1231      0.651     17.250      98.66  0.000e+00
    111.485    12.6593    12.6605  40.819498  40.813943    228.212    228.282     0.1235     0.0405 2.8672e-01    35.1296    35.1232      0.641     17.292      98.66  0.000e+00
    111.485    12.6590    12.6606  40.819370  40.813756    228.201    228.294     0.1235     0.0380 2.8672e-01    35.1298    35.1229      0.635     17.333      98.66  0.000e+00
    111.586    12.6587    12.6604  40.819563  40.813007    228.192    228.298     0.1235     0.0380 2.8772e-01    35.1301    35.1223      0.628     17.375      98.66  0.000e+00
    111.485    12.6590    12.6601  40.819370  40.812757    228.176    228.295     0.1235     0.0380 2.8872e-01    35.1298    35.1224      0.615     17.417      98.68  0.000e+00
    111.602    12.6587    12.6597  40.819370  40.812384    228.167    228.298     0.1235     0.0380 2.8872e-01    35.1300    35.1223      0.611     17.458      98.66  0.000e+00
    111.539    12.6584    12.6595  40.819306  40.812321    228.153    228.293     0.1235     0.0405 2.9175e-01    35.1303    35.1225      0.599     17.500      98.66  0.000e+00
    111.539    12.6586    12.6592  40.819306  40.812009    228.002    228.290     0.1235     0.0405 2.9378e-01    35.1300    35.1224      0.585     17.542      98.66  0.000e+00
    111.602    12.6585    12.6591  40.819113  40.811947    228.115    228.145     0.1235     0.0405 2.9276e-01    35.1299    35.1225      0.575     17.583      98.66  0.000e+00
    111.539    12.6588    12.6587  40.818469  40.811947    228.099    228.139     0.1235     0.0380 2.8672e-01    35.1290    35.1228      0.558     17.625      98.66  0.000e+00
    111.657    12.6585    12.6587  40.818276  40.811448    227.953    228.269     0.1235     0.0405 2.8374e-01    35.1290    35.1223      0.552     17.667      98.68  0.000e+00
    111.540    12.6583    12.6585  40.817761  40.811510    227.925    228.271     0.1235     0.0405 2.8275e-01    35.1289    35.1226      0.534     17.708      98.66  0.000e+00
    111.602    12.6580    12.6584  40.816988  40.811635    227.902    228.136     0.1235     0.0380 2.8672e-01    35.1283    35.1228      0.520     17.750      98.66  0.000e+00
    111.602    12.6579    12.6582  40.816667  40.811885    227.877    228.117     0.1235     0.0405 2.9074e-01    35.1282    35.1232      0.508     17.792      98.66  0.000e+00
    111.602    12.6576    12.6581  40.815444  40.811448    227.865    228.100     0.1235     0.0380 2.9175e-01    35.1272    35.1230      0.493     17.833      98.66  0.000e+00
    111.657    12.6571    12.6582  40.814607  40.811261    227.856    227.939     0.1235     0.0405 2.8973e-01    35.1268    35.1226      0.482     17.875      98.66  0.000e+00
    111.602    12.6569    12.6580  40.814092  40.810512    227.842    228.052     0.1235     0.0380 2.8672e-01    35.1266    35.1221      0.466     17.917      98.66  0.000e+00
    111.602    12.6570    12.6581  40.813770  40.809888    227.693    228.044     0.1235     0.0380 2.8672e-01    35.1262    35.1215      0.451     17.958      98.66  0.000e+00
    111.602    12.6568    12.6582  40.813706  40.809639    227.671    228.036     0.1235     0.0380 2.8772e-01    35.1263    35.1210      0.433     18.000      98.66  0.000e+00
    111.641    12.6567    12.6584  40.813706  40.809514    227.649    228.029     0.1235     0.0405 2.8973e-01    35.1263    35.1208      0.420     18.042      98.66  0.000e+00
    111.540    12.6566    12.6584  40.814285  40.809513    227.624    227.876     0.1161     0.0380 2.8973e-01    35.1270    35.1208      0.398     18.083      98.66  0.000e+00
    111.602    12.6570    12.6585  40.815701  40.809576    227.602    227.858     0.1235     0.0405 2.9074e-01    35.1280    35.1208      0.378     18.125      98.66  0.000e+00
    111.602    12.6575    12.6587  40.816667  40.809202    227.579    227.840     0.1235     0.0405 2.9378e-01    35.1285    35.1202      0.360     18.167      98.66  0.000e+00
    111.602    12.6581    12.6582  40.817439  40.809139    227.557    227.823     0.1235     0.0380 2.9378e-01    35.1286    35.1206      0.346     18.208      98.66  0.000e+00
    111.540    12.6582    12.6579  40.817310  40.808328    227.402    227.807     0.1235     0.0405 2.9378e-01    35.1285    35.1201      0.325     18.250      98.66  0.000e+00
    111.602    12.6579    12.6578  40.815830  40.807517    227.379    227.793     0.1235     0.0380 2.8872e-01    35.1273    35.1194      0.308     18.292      98.66  0.000e+00
    111.540    12.6572    12.6577  40.814478  40.806831    227.367    227.776     0.1235     0.0380 2.8672e-01    35.1267    35.1189      0.287     18.333      98.66  0.000e+00
    111.540    12.6566    12.6577  40.813255  40.807455    227.347    227.759     0.1235     0.0380 2.8672e-01    35.1260    35.1195      0.268     18.375      98.66  0.000e+00
    111.540    12.6564    12.6582  40.812547  40.808266    227.326    227.741     0.1161     0.0380 2.8973e-01    35.1256    35.1197      0.247     18.417      98.66  0.000e+00
    111.540    12.6559    12.6587  40.812611  40.809264    227.181    227.722     0.1235     0.0405 2.9175e-01    35.1261    35.1203      0.229     18.458      98.66  0.000e+00
    111.485    12.6561    12.6588  40.813641  40.810012    227.159    227.705     0.1235     0.0405 2.9175e-01    35.1269    35.1209      0.206     18.500      98.68  0.000e+00
    111.540    12.6567    12.6591  40.814607  40.810761    227.129    227.690     0.1235     0.0380 2.8772e-01    35.1272    35.1214      0.189     18.542      98.68  0.000e+00
    111.485    12.6571    12.6594  40.816344  40.810886    227.108    227.674     0.1235     0.0405 2.8573e-01    35.1286    35.1212      0.168     18.583      98.66  0.000e+00
    111.540    12.6576    12.6594  40.816924  40.810387    227.084    227.663     0.1235     0.0405 2.8473e-01    35.1287    35.1207      0.149     18.625      98.66  0.000e+00
    111.423    12.6582    12.6594  40.817953  40.810199    227.066    227.647     0.1161     0.0380 2.8672e-01    35.1291    35.1206      0.126     18.667      98.66  0.000e+00
    111.470    12.6582    12.6595  40.818275  40.810511    227.048    227.493     0.1235     0.0380 2.8872e-01    35.1294    35.1208      0.109     18.708      98.66  0.000e+00
    111.485    12.6584    12.6599  40.818275  40.811385    227.030    227.480     0.1161     0.0332 2.8872e-01    35.1292    35.1212      0.092     18.750      98.66  0.000e+00
