main/SO308-2_005_3.cnv
* Sea-Bird SBE 9 Data File:
* FileName = D:\CTDData\SO308_2\raw data\SO308-2_005_3.hex
* Software Version Seasave V 7.26.1.8
* Temperature SN = 6051
* Conductivity SN = 4262
* Number of Bytes Per Scan = 41
* Number of Voltage Words = 4
* Number of Scans Averaged by the Deck Unit = 1
* NMEA Latitude = 38 59.66 S
* NMEA Longitude = 132 32.31 E
* NMEA UTC (Time) = Jan 01 2025  06:50:17
* NMEA baud rate = 4800
# nquan = 16
# nvalues = 1566                                  
# units = specified
# name 0 = prDM: Pressure, Digiquartz [db]
# name 1 = t090C: Temperature [ITS-90, deg C]
# name 2 = t190C: Temperature, 2 [ITS-90, deg C]
# name 3 = c0mS/cm: Conductivity [mS/cm]
# name 4 = c1mS/cm: Conductivity, 2 [mS/cm]
# name 5 = sbox0Mm/Kg: Oxygen, SBE 43 [umol/kg]
# name 6 = sbox1Mm/Kg: Oxygen, SBE 43, 2 [umol/kg]
# name 7 = flECO-AFL: Fluorescence, WET Labs ECO-AFL/FL [mg/m^3]
# name 8 = turbWETntu0: Turbidity, WET Labs ECO [NTU]
# name 9 = par: PAR/Irradiance, Biospherical/Licor
# name 10 = sal00: Salinity, Practical [PSU]
# name 11 = sal11: Salinity, Practical, 2 [PSU]
# name 12 = dz/dtM: Descent Rate [m/s]
# name 13 = timeS: Time, Elapsed [seconds]
# name 14 = altM: Altimeter [m]
# name 15 = flag:  0.000e+00
# span 0 =    108.130,    112.484                 
# span 1 =    12.6402,    12.6614                 
# span 2 =    12.6425,    12.6630                 
# span 3 =  40.786542,  40.821814                 
# span 4 =  40.780812,  40.815875                 
# span 5 =    226.753,    229.034                 
# span 6 =    226.136,    229.082                 
# span 7 =     0.1088,     0.1528                 
# span 8 =     0.0283,     0.0502                 
# span 9 = 1.3230e-01, 3.2234e-01                 
# span 10 =    35.1143,    35.1308                
# span 11 =    35.1075,    35.1236                
# span 12 =     -0.820,      1.021                
# span 13 =      0.000,     65.208                
# span 14 =      98.63,      98.68                
# span 15 = 0.0000e+00, 0.0000e+00                
# interval = seconds: 0.0416667
# start_time = Jan 01 2025 06:50:35 [NMEA time, first data scan]
# bad_flag = -9.990e-29
*END*
    111.310    12.6599    12.6609  40.821300  40.813880    227.407    227.312     0.1088     0.0307 1.3343e-01    35.1308    35.1228 2.0946e-13      0.000      98.66  0.000e+00
    111.193    12.6602    12.6608  40.820978  40.814254    227.539    227.309     0.1088     0.0332 1.3400e-01    35.1303    35.1233     -0.007      0.042      98.66  0.000e+00
    111.248    12.6603    12.6610  40.820978  40.813942    227.551    227.310     0.1161     0.0332 1.3286e-01    35.1302    35.1228     -0.010      0.083      98.66  0.000e+00
    111.248    12.6602    12.6610  40.821300  40.814566    227.426    227.167     0.1088     0.0307 1.3230e-01    35.1306    35.1233     -0.014      0.125      98.66  0.000e+00
    111.193    12.6607    12.6614  40.821493  40.815127    227.557    227.152     0.1088     0.0307 1.3230e-01    35.1304    35.1236     -0.020      0.167      98.66  0.000e+00
    111.193    12.6608    12.6621  40.821686  40.815252    227.566    227.140     0.1088     0.0307 1.3400e-01    35.1304    35.1230     -0.026      0.208      98.66  0.000e+00
    111.193    12.6612    12.6622  40.821814  40.815439    227.438    227.129     0.1088     0.0332 1.3571e-01    35.1301    35.1231     -0.032      0.250      98.66  0.000e+00
    111.130    12.6610    12.6624  40.821750  40.815501    227.435    226.975     0.1088     0.0332 1.3629e-01    35.1303    35.1230     -0.041      0.292      98.66  0.000e+00
    111.193    12.6611    12.6626  40.821493  40.815751    227.435    226.956     0.1088     0.0332 1.3571e-01    35.1300    35.1230     -0.046      0.333      98.66  0.000e+00
    111.130    12.6608    12.6624  40.821750  40.815875    227.432    226.936     0.1088     0.0307 1.3514e-01    35.1305    35.1234     -0.054      0.375      98.66  0.000e+00
    111.075    12.6611    12.6627  40.821750  40.815563    227.564    226.773     0.1088     0.0307 1.3514e-01    35.1303    35.1228     -0.065      0.417      98.66  0.000e+00
    111.130    12.6611    12.6628  40.821492  40.815501    227.574    226.889     0.1088     0.0332 1.3571e-01    35.1299    35.1226     -0.073      0.458      98.68  0.000e+00
    111.060    12.6611    12.6626  40.820655  40.815750    227.446    226.730     0.1088     0.0332 1.3629e-01    35.1292    35.1231     -0.084      0.500      98.68  0.000e+00
    111.075    12.6602    12.6629  40.819304  40.815626    227.449    226.704     0.1088     0.0307 1.3629e-01    35.1287    35.1226     -0.093      0.542      98.66  0.000e+00
    111.013    12.6596    12.6627  40.817694  40.815501    227.449    226.679     0.1088     0.0332 1.3629e-01    35.1278    35.1227     -0.106      0.583      98.66  0.000e+00
    111.013    12.6597    12.6630  40.817501  40.815501    227.446    226.655     0.1088     0.0307 1.3571e-01    35.1275    35.1225     -0.118      0.625      98.66  0.000e+00
    110.958    12.6591    12.6627  40.817243  40.815188    227.444    226.634     0.1088     0.0332 1.3514e-01    35.1279    35.1225     -0.132      0.667      98.68  0.000e+00
    110.958    12.6593    12.6624  40.817243  40.814627    227.440    226.616     0.1088     0.0307 1.3571e-01    35.1276    35.1222     -0.146      0.708      98.66  0.000e+00
    111.013    12.6593    12.6623  40.817694  40.814440    227.439    226.600     0.1088     0.0307 1.3802e-01    35.1281    35.1222     -0.155      0.750      98.68  0.000e+00
    110.903    12.6591    12.6621  40.817629  40.814252    227.433    226.581     0.1088     0.0307 1.3977e-01    35.1282    35.1222     -0.170      0.792      98.66  0.000e+00
    110.958    12.6590    12.6622  40.817115  40.814377    227.433    226.566     0.1088     0.0307 1.3977e-01    35.1278    35.1222     -0.181      0.833      98.66  0.000e+00
    110.903    12.6585    12.6619  40.816084  40.813129    227.432    226.411     0.1088     0.0307 1.4212e-01    35.1273    35.1213     -0.195      0.875      98.66  0.000e+00
    110.841    12.6583    12.6619  40.815312  40.813191    227.429    226.386     0.1088     0.0332 1.4391e-01    35.1268    35.1214     -0.211      0.917      98.66  0.000e+00
    110.841    12.6575    12.6612  40.813767  40.812630    227.432    226.367     0.1088     0.0332 1.4391e-01    35.1260    35.1214     -0.226      0.958      98.66  0.000e+00
    110.841    12.6564    12.6611  40.811192  40.811257    227.301    226.492     0.1088     0.0307 1.4212e-01    35.1246    35.1202     -0.239      1.000      98.66  0.000e+00
    110.833    12.6554    12.6601  40.809004  40.809573    227.429    226.348     0.1088     0.0307 1.4094e-01    35.1234    35.1196     -0.252      1.042      98.66  0.000e+00
    110.786    12.6540    12.6589  40.808167  40.807514    227.296    226.337     0.1088     0.0332 1.4094e-01    35.1239    35.1188     -0.267      1.083      98.66  0.000e+00
    110.786    12.6534    12.6581  40.808682  40.805954    227.419    226.328     0.1088     0.0332 1.3918e-01    35.1250    35.1180     -0.280      1.125      98.66  0.000e+00
    110.723    12.6537    12.6576  40.809583  40.805892    227.278    226.315     0.1088     0.0332 1.3744e-01    35.1256    35.1184     -0.296      1.167      98.66  0.000e+00
    110.723    12.6538    12.6577  40.809068  40.806765    227.401    226.302     0.1088     0.0307 1.3744e-01    35.1250    35.1192     -0.310      1.208      98.66  0.000e+00
    110.723    12.6531    12.6576  40.805914  40.806453    227.271    226.294     0.1088     0.0332 1.3977e-01    35.1226    35.1190     -0.323      1.250      98.66  0.000e+00
    110.614    12.6512    12.6576  40.802052  40.806827    227.404    226.141     0.1088     0.0307 1.4272e-01    35.1207    35.1194     -0.341      1.292      98.66  0.000e+00
    110.668    12.6491    12.6584  40.797355  40.808637    227.283    226.264     0.1088     0.0307 1.4391e-01    35.1182    35.1203     -0.354      1.333      98.66  0.000e+00
    110.668    12.6465    12.6587  40.793493  40.808637    227.285    226.260     0.1088     0.0307 1.4450e-01    35.1169    35.1200     -0.365      1.375      98.66  0.000e+00
    110.551    12.6444    12.6573  40.790533  40.805205    227.282    226.265     0.1088     0.0332 1.4631e-01    35.1160    35.1181     -0.382      1.417      98.66  0.000e+00
    110.614    12.6426    12.6551  40.789053  40.800152    227.281    226.283     0.1088     0.0332 1.4691e-01    35.1162    35.1153     -0.393      1.458      98.66  0.000e+00
    110.551    12.6416    12.6517  40.788023  40.793789    227.274    226.162     0.1088     0.0307 1.4752e-01    35.1162    35.1124     -0.406      1.500      98.66  0.000e+00
    110.551    12.6409    12.6483  40.787766  40.788363    227.267    226.174     0.1088     0.0332 1.4935e-01    35.1166    35.1103     -0.417      1.542      98.66  0.000e+00
    110.535    12.6412    12.6465  40.788023  40.785556    227.256    226.180     0.1088     0.0307 1.5057e-01    35.1166    35.1093     -0.428      1.583      98.66  0.000e+00
    110.433    12.6414    12.6455  40.788345  40.784246    227.243    226.181     0.1088     0.0307 1.4996e-01    35.1167    35.1090     -0.442      1.625      98.68  0.000e+00
    110.496    12.6418    12.6445  40.788216  40.783435    227.099    226.188     0.1161     0.0332 1.4873e-01    35.1163    35.1091     -0.451      1.667      98.66  0.000e+00
    110.433    12.6420    12.6443  40.788345  40.782998    227.078    226.191     0.1088     0.0332 1.4812e-01    35.1162    35.1089     -0.461      1.708      98.66  0.000e+00
    110.433    12.6421    12.6445  40.788216  40.783435    227.060    226.195     0.1235     0.0332 1.4812e-01    35.1160    35.1091     -0.469      1.750      98.66  0.000e+00
    110.379    12.6420    12.6450  40.788087  40.784183    227.042    226.199     0.1308     0.0332 1.5430e-01    35.1160    35.1094     -0.478      1.792      98.66  0.000e+00
    110.433    12.6418    12.6455  40.787315  40.784059    227.029    226.209     0.1308     0.0332 1.5809e-01    35.1154    35.1088     -0.482      1.833      98.66  0.000e+00
    110.316    12.6420    12.6460  40.787829  40.784245    227.009    226.217     0.1308     0.0332 1.5872e-01    35.1158    35.1086     -0.490      1.875      98.66  0.000e+00
    110.316    12.6426    12.6460  40.788602  40.783497    226.992    226.233     0.1308     0.0307 1.5809e-01    35.1159    35.1079     -0.496      1.917      98.66  0.000e+00
    110.316    12.6437    12.6460  40.789309  40.783497    226.974    226.250     0.1308     0.0307 1.5682e-01    35.1156    35.1079     -0.500      1.958      98.66  0.000e+00
    110.261    12.6444    12.6463  40.790017  40.783621    226.957    226.267     0.1308     0.0332 1.5682e-01    35.1157    35.1077     -0.504      2.000      98.66  0.000e+00
    110.308    12.6448    12.6460  40.790468  40.783309    226.945    226.292     0.1308     0.0332 1.5745e-01    35.1157    35.1077     -0.503      2.042      98.66  0.000e+00
    110.206    12.6453    12.6462  40.790789  40.783247    226.942    226.314     0.1308     0.0307 1.5809e-01    35.1156    35.1075     -0.513      2.083      98.66  0.000e+00
    110.261    12.6458    12.6457  40.790918  40.783496    226.944    226.343     0.1308     0.0307 1.5809e-01    35.1152    35.1082     -0.514      2.125      98.66  0.000e+00
    110.144    12.6460    12.6458  40.790917  40.783621    226.933    226.356     0.1308     0.0332 1.5682e-01    35.1151    35.1082     -0.519      2.167      98.68  0.000e+00
    110.206    12.6460    12.6457  40.790338  40.783372    226.940    226.236     0.1308     0.0332 1.5430e-01    35.1145    35.1081     -0.521      2.208      98.66  0.000e+00
    110.144    12.6458    12.6455  40.790467  40.782997    226.946    226.246     0.1308     0.0307 1.5430e-01    35.1148    35.1079     -0.525      2.250      98.66  0.000e+00
    110.144    12.6460    12.6450  40.790595  40.782935    226.941    226.260     0.1308     0.0332 1.5745e-01    35.1148    35.1083     -0.526      2.292      98.66  0.000e+00
    110.089    12.6458    12.6451  40.790595  40.782935    226.937    226.261     0.1308     0.0332 1.6652e-01    35.1150    35.1082     -0.531      2.333      98.66  0.000e+00
    110.089    12.6460    12.6450  40.790788  40.782935    226.935    226.267     0.1308     0.0307 1.6917e-01    35.1150    35.1084     -0.530      2.375      98.66  0.000e+00
    110.089    12.6460    12.6448  40.790660  40.782623    226.934    226.275     0.1308     0.0307 1.6917e-01    35.1149    35.1082     -0.530      2.417      98.66  0.000e+00
    110.026    12.6463    12.6447  40.790595  40.783059    226.943    226.270     0.1308     0.0332 1.6984e-01    35.1146    35.1088     -0.535      2.458      98.68  0.000e+00
    110.073    12.6461    12.6448  40.790595  40.782997    226.958    226.282     0.1308     0.0332 1.6984e-01    35.1147    35.1086     -0.531      2.500      98.66  0.000e+00
    109.972    12.6461    12.6450  40.790595  40.783433    226.958    226.278     0.1308     0.0307 1.6984e-01    35.1147    35.1089     -0.534      2.542      98.66  0.000e+00
    109.972    12.6463    12.6455  40.790595  40.783308    226.961    226.136     0.1308     0.0307 1.7118e-01    35.1146    35.1083     -0.534      2.583      98.66  0.000e+00
    109.972    12.6463    12.6453  40.790595  40.782996    226.965    226.272     0.1308     0.0332 1.7186e-01    35.1145    35.1082     -0.535      2.625      98.66  0.000e+00
    109.972    12.6461    12.6450  40.790788  40.782622    226.971    226.136     0.1308     0.0307 1.7186e-01    35.1149    35.1081     -0.534      2.667      98.68  0.000e+00
    109.917    12.6461    12.6451  40.790916  40.783121    226.976    226.272     0.1308     0.0307 1.7118e-01    35.1151    35.1085     -0.537      2.708      98.68  0.000e+00
    109.917    12.6465    12.6451  40.790916  40.782996    227.118    226.138     0.1308     0.0332 1.7118e-01    35.1147    35.1084     -0.537      2.750      98.68  0.000e+00
    109.854    12.6465    12.6453  40.790659  40.783121    227.136    226.277     0.1308     0.0356 1.7118e-01    35.1145    35.1083     -0.535      2.792      98.66  0.000e+00
    109.917    12.6461    12.6457  40.790788  40.782996    227.159    226.147     0.1308     0.0332 1.7186e-01    35.1149    35.1079     -0.533      2.833      98.66  0.000e+00
    109.799    12.6465    12.6458  40.790916  40.783432    227.174    226.145     0.1381     0.0356 1.7186e-01    35.1147    35.1082     -0.532      2.875      98.66  0.000e+00
    109.901    12.6461    12.6458  40.790659  40.783370    227.199    226.283     0.1381     0.0332 1.7186e-01    35.1148    35.1081     -0.526      2.917      98.66  0.000e+00
    109.799    12.6461    12.6458  40.790594  40.783245    227.353    226.285     0.1381     0.0356 1.7389e-01    35.1148    35.1080     -0.527      2.958      98.66  0.000e+00
    109.799    12.6460    12.6455  40.790272  40.782996    227.387    226.292     0.1381     0.0332 1.7594e-01    35.1146    35.1081     -0.525      3.000      98.66  0.000e+00
    109.799    12.6460    12.6455  40.789951  40.783183    227.272    226.310     0.1381     0.0332 1.7594e-01    35.1143    35.1083     -0.521      3.042      98.68  0.000e+00
    109.737    12.6458    12.6457  40.790079  40.782995    227.428    226.316     0.1381     0.0356 1.7732e-01    35.1146    35.1079     -0.519      3.083      98.66  0.000e+00
    109.737    12.6458    12.6458  40.790208  40.783432    227.448    226.324     0.1381     0.0356 1.7871e-01    35.1148    35.1082     -0.517      3.125      98.66  0.000e+00
    109.737    12.6460    12.6462  40.790208  40.783619    227.479    226.190     0.1381     0.0356 1.7940e-01    35.1146    35.1081     -0.512      3.167      98.66  0.000e+00
    109.682    12.6458    12.6465  40.790208  40.783868    227.499    226.329     0.1381     0.0332 1.8010e-01    35.1148    35.1080     -0.511      3.208      98.68  0.000e+00
    109.737    12.6458    12.6465  40.789950  40.783993    227.668    226.343     0.1381     0.0332 1.8291e-01    35.1145    35.1081     -0.505      3.250      98.66  0.000e+00
    109.682    12.6458    12.6467  40.790401  40.783681    227.560    226.354     0.1381     0.0332 1.8362e-01    35.1150    35.1077     -0.500      3.292      98.66  0.000e+00
    109.666    12.6456    12.6465  40.790014  40.783619    227.591    226.357     0.1381     0.0356 1.8362e-01    35.1148    35.1078     -0.500      3.333      98.66  0.000e+00
    109.619    12.6458    12.6462  40.789886  40.783868    227.608    226.513     0.1381     0.0356 1.8291e-01    35.1145    35.1084     -0.497      3.375      98.66  0.000e+00
    109.682    12.6458    12.6463  40.790079  40.783681    227.764    226.541     0.1381     0.0332 1.8291e-01    35.1147    35.1080     -0.487      3.417      98.66  0.000e+00
    109.565    12.6456    12.6463  40.789950  40.783369    227.790    226.565     0.1381     0.0356 1.8362e-01    35.1148    35.1077     -0.490      3.458      98.66  0.000e+00
    109.682    12.6458    12.6460  40.790079  40.782995    227.820    226.597     0.1381     0.0356 1.8575e-01    35.1147    35.1076     -0.479      3.500      98.66  0.000e+00
    109.565    12.6456    12.6462  40.789950  40.783182    227.844    226.609     0.1381     0.0356 1.8647e-01    35.1148    35.1077     -0.477      3.542      98.66  0.000e+00
    109.619    12.6458    12.6458  40.790400  40.783806    227.871    226.627     0.1381     0.0356 1.8647e-01    35.1150    35.1086     -0.469      3.583      98.68  0.000e+00
    109.565    12.6460    12.6462  40.790014  40.784180    228.030    226.640     0.1381     0.0356 1.8647e-01    35.1145    35.1087     -0.462      3.625      98.66  0.000e+00
    109.565    12.6458    12.6460  40.790078  40.784305    227.929    226.656     0.1381     0.0356 1.8647e-01    35.1147    35.1090     -0.460      3.667      98.66  0.000e+00
    109.565    12.6458    12.6462  40.790207  40.784866    228.076    226.671     0.1381     0.0356 1.8647e-01    35.1148    35.1094     -0.452      3.708      98.66  0.000e+00
