Data/basic_emb.cnv
* Sea-Bird SBE 9 Data File:
* FileName = C:\CTD\CTD_Data\EMB356\EMB356_011-01_CTD_0010.hex
* Software Version Seasave V 7.26.7.121
* Temperature SN = 5492
* Conductivity SN = 4497
* Number of Bytes Per Scan = 44
* Number of Voltage Words = 5
* Number of Scans Averaged by the Deck Unit = 1
* NMEA Latitude = 54 09.31 N
* NMEA Longitude = 011 17.60 E
* NMEA UTC (Time) = Feb 08 2024 08:31:25
* NMEA baud rate = 9600
** Cruise = EMB356
** Station = EMB356_11-1
** Platform = CTD
** Cast = 0010
** Operator = Johann Ruickoldt
** GPS_Time = 08.02.2024 08:30:10
** GPS_Lat = 54  9.308 N
** GPS_Lon = 11 17.587 E
** Echo_Depth =   25.7 m
** Air_Pressure = 1000.8 hPa
** WsStartID =   251
** Pos_Alias = TF0021
# nquan = 19
# nvalues = 3067                                  
# units = specified
# name 0 = prDM: Pressure, Digiquartz [db]
# name 1 = t090C: Temperature [ITS-90, deg C]
# name 2 = t190C: Temperature, 2 [ITS-90, deg C]
# name 3 = c0mS/cm: Conductivity [mS/cm]
# name 4 = c1mS/cm: Conductivity, 2 [mS/cm]
# name 5 = sbox0Mm/Kg: Oxygen, SBE 43 [umol/kg]
# name 6 = sbox1Mm/Kg: Oxygen, SBE 43, 2 [umol/kg]
# name 7 = flECO-AFL: Fluorescence, WET Labs ECO-AFL/FL [mg/m^3]
# name 8 = wetCDOM: Fluorescence, WET Labs CDOM [mg/m^3]
# name 9 = turbWETntu0: Turbidity, WET Labs ECO [NTU]
# name 10 = par: PAR/Irradiance, Biospherical/Licor
# name 11 = spar: SPAR, Biospherical/Licor
# name 12 = sal00: Salinity, Practical [PSU]
# name 13 = sal11: Salinity, Practical, 2 [PSU]
# name 14 = dz/dtM: Descent Rate [m/s]
# name 15 = timeS: Time, Elapsed [seconds]
# name 16 = latitude: Latitude [deg]
# name 17 = longitude: Longitude [deg]
# name 18 = flag:  0.000e+00
# span 0 =      1.045,     23.610                 
# span 1 =     3.5566,     3.7537                 
# span 2 =     3.5563,     3.7536                 
# span 3 =  15.326476,  17.783487                 
# span 4 =  15.326428,  17.782543                 
# span 5 =    345.130,    359.159                 
# span 6 =    345.601,    359.106                 
# span 7 =     1.0365,     2.2160                 
# span 8 =     0.0769,     0.0842                 
# span 9 =     0.4585,     3.8871                 
# span 10 = 4.5387e-02, 1.0321e+01                
# span 11 = 3.6685e+02, 4.9829e+02                
# span 12 =    15.5484,    18.1609                
# span 13 =    15.5487,    18.1600                
# span 14 =     -0.017,      0.350                
# span 15 =      0.000,    127.750                
# span 16 =   54.15502,   54.15510                
# span 17 =   11.29326,   11.29338                
# span 18 = 0.0000e+00, 0.0000e+00                
# interval = seconds: 0.0416667
# start_time = Feb 08 2024 08:31:24 [System UTC, first data scan.]
# bad_flag = -9.990e-29
*END*
[from data line 1677]
      9.323     3.5838     3.5850  15.443031  15.447993    358.160    357.139     1.3735     0.0781     0.6563 5.7190e-01 4.4140e+02    15.6627    15.6676      0.320     69.875   54.15508   11.29338  0.000e+00
      9.330     3.5857     3.5870  15.449284  15.461452    358.150    357.060     1.3223     0.0794     0.6514 5.7004e-01 4.4140e+02    15.6687    15.6815      0.320     69.917   54.15508   11.29338  0.000e+00
      9.385     3.5864     3.5884  15.451588  15.470894    358.118    357.002     1.3149     0.0806     0.6514 5.6634e-01 4.4140e+02    15.6709    15.6911      0.325     69.958   54.15508   11.29338  0.000e+00
      9.379     3.5872     3.5901  15.453469  15.476903    358.084    357.234     1.3149     0.0794     0.6514 5.6634e-01 4.4140e+02    15.6725    15.6969      0.325     70.000   54.15508   11.29338  0.000e+00
      9.385     3.5882     3.5913  15.460146  15.480472    358.035    357.276     1.3516     0.0794     0.6490 5.6266e-01 4.4140e+02    15.6794    15.7003      0.326     70.042   54.15508   11.29338  0.000e+00
      9.379     3.5886     3.5914  15.463062  15.480156    358.259    357.016     1.3735     0.0794     0.6466 5.6082e-01 4.4140e+02    15.6824    15.6999      0.328     70.083   54.15508   11.29338  0.000e+00
      9.330     3.5868     3.5913  15.459958  15.480201    358.047    357.282     1.3735     0.0806     0.6466 5.5900e-01 4.4140e+02    15.6799    15.7000      0.320     70.125   54.15508   11.29338  0.000e+00
      9.531     3.5863     3.5915  15.461322  15.483907    358.033    357.303     1.3662     0.0806     0.6466 5.5717e-01 4.4140e+02    15.6816    15.7039      0.328     70.167   54.15508   11.29338  0.000e+00
      9.330     3.5868     3.5923  15.463720  15.486392    357.989    357.305     1.3735     0.0794     0.7052 5.5536e-01 4.4140e+02    15.6840    15.7064      0.320     70.208   54.15508   11.29338  0.000e+00
      9.482     3.5874     3.5920  15.466824  15.485850    358.007    357.340     1.3809     0.0781     0.7418 5.5354e-01 4.4140e+02    15.6871    15.7058      0.322     70.250   54.15508   11.29338  0.000e+00
      9.475     3.5882     3.5907  15.474679  15.479117    357.955    357.114     1.3809     0.0781     0.7467 5.5174e-01 4.4140e+02    15.6954    15.6991      0.328     70.292   54.15508   11.29338  0.000e+00
      9.482     3.5908     3.5895  15.483147  15.471074    357.886    357.418     1.3735     0.0794     0.7418 5.4993e-01 4.4140e+02    15.7034    15.6908      0.327     70.333   54.15508   11.29338  0.000e+00
      9.475     3.5920     3.5890  15.486864  15.468861    357.843    357.172     1.3589     0.0806     0.6685 5.4634e-01 4.4140e+02    15.7070    15.6886      0.326     70.375   54.15508   11.29338  0.000e+00
      9.482     3.5922     3.5884  15.485029  15.463846    357.826    357.181     1.3442     0.0794     0.6197 5.4456e-01 4.4140e+02    15.7048    15.6834      0.324     70.417   54.15508   11.29338  0.000e+00
      9.531     3.5916     3.5865  15.480795  15.451425    357.825    357.511     1.3442     0.0794     0.6099 5.4278e-01 4.4140e+02    15.7005    15.6706      0.324     70.458   54.15508   11.29338  0.000e+00
      9.538     3.5913     3.5856  15.477643  15.445735    357.816    357.566     1.3442     0.0781     0.6124 5.4100e-01 4.4140e+02    15.6971    15.6648      0.326     70.500   54.15508   11.29338  0.000e+00
      9.538     3.5912     3.5859  15.477549  15.448174    357.796    357.302     1.4688     0.0781     0.6490 5.3923e-01 4.4140e+02    15.6971    15.6673      0.326     70.542   54.15508   11.29338  0.000e+00
      9.579     3.5917     3.5864  15.480654  15.453729    357.763    357.558     1.5860     0.0794     0.6783 5.3746e-01 4.4140e+02    15.7003    15.6732      0.330     70.583   54.15508   11.29338  0.000e+00
      9.586     3.5924     3.5870  15.484418  15.460684    357.725    357.564     1.6153     0.0818     0.6832 5.3394e-01 4.4140e+02    15.7041    15.6806      0.332     70.625   54.15508   11.29338  0.000e+00
      9.579     3.5929     3.5879  15.485735  15.466918    357.695    357.568     1.6007     0.0806     0.6807 5.3394e-01 4.4140e+02    15.7053    15.6869      0.330     70.667   54.15508   11.29338  0.000e+00
      9.586     3.5929     3.5890  15.484418  15.470894    357.678    357.578     1.4688     0.0794     0.6759 5.3044e-01 4.4140e+02    15.7038    15.6908      0.330     70.708   54.15508   11.29338  0.000e+00
      9.579     3.5917     3.5889  15.481360  15.465789    357.675    357.625     1.3442     0.0794     0.6710 5.2870e-01 4.4140e+02    15.7010    15.6852      0.327     70.750   54.15508   11.29338  0.000e+00
      9.635     3.5918     3.5863  15.475761  15.451290    357.721    357.726     1.3223     0.0794     0.6710 5.2696e-01 4.4140e+02    15.6948    15.6705      0.329     70.792   54.15508   11.29338  0.000e+00
      9.690     3.5902     3.5856  15.470352  15.450297    357.734    357.769     1.3223     0.0794     0.6710 5.2523e-01 4.4140e+02    15.6896    15.6698      0.332     70.833   54.15508   11.29338  0.000e+00
      9.628     3.5899     3.5877  15.465461  15.465744    357.987    357.732     1.3149     0.0794     0.6734 5.2350e-01 4.4140e+02    15.6844    15.6857      0.331     70.875   54.15508   11.29338  0.000e+00
      9.690     3.5890     3.5895  15.462122  15.476948    357.775    357.718     1.3076     0.0781     0.6759 5.2178e-01 4.4140e+02    15.6811    15.6972      0.334     70.917   54.15508   11.29338  0.000e+00
      9.676     3.5884     3.5907  15.462263  15.479614    357.806    357.730     1.3076     0.0794     0.6783 5.1834e-01 4.4140e+02    15.6816    15.6996      0.332     70.958   54.15508   11.29338  0.000e+00
      9.635     3.5880     3.5907  15.461557  15.475728    357.838    357.771     1.3076     0.0794     0.6759 5.1664e-01 4.4140e+02    15.6810    15.6953      0.329     71.000   54.15508   11.29338  0.000e+00
      9.732     3.5872     3.5898  15.458595  15.471843    358.148    357.826     1.3589     0.0794     0.7100 5.1493e-01 4.4140e+02    15.6781    15.6914      0.330     71.042   54.15508   11.29338  0.000e+00
      9.690     3.5862     3.5889  15.453234  15.468500    358.200    357.874     1.4395     0.0794     0.7516 5.1323e-01 4.4140e+02    15.6727    15.6882      0.327     71.083   54.15508   11.29338  0.000e+00
      9.780     3.5853     3.5889  15.448815  15.469403    358.253    357.907     1.4615     0.0806     0.7613 5.1154e-01 4.4140e+02    15.6683    15.6892      0.331     71.125   54.15508   11.29338  0.000e+00
      9.787     3.5859     3.5903  15.448909  15.475864    358.273    357.865     1.4541     0.0818     0.7589 5.0985e-01 4.4140e+02    15.6681    15.6956      0.333     71.167   54.15508   11.29338  0.000e+00
      9.739     3.5862     3.5911  15.451918  15.481286    358.024    357.870     1.4175     0.0794     0.7394 5.0816e-01 4.4140e+02    15.6712    15.7012      0.338     71.208   54.15508   11.29338  0.000e+00
      9.780     3.5852     3.5915  15.451448  15.481512    358.012    357.897     1.3662     0.0794     0.7125 5.0648e-01 4.4140e+02    15.6712    15.7012      0.333     71.250   54.15508   11.29338  0.000e+00
      9.787     3.5848     3.5906  15.447592  15.475548    358.004    357.912     1.3442     0.0794     0.7052 5.0481e-01 4.4140e+02    15.6671    15.6951      0.331     71.292   54.15508   11.29338  0.000e+00
      9.828     3.5843     3.5900  15.443925  15.472882    357.998    357.914     1.3442     0.0794     0.7052 5.0147e-01 4.4140e+02    15.6633    15.6924      0.332     71.333   54.15508   11.29338  0.000e+00
      9.787     3.5852     3.5901  15.447968  15.475729    357.953    357.929     1.3735     0.0806     0.6856 4.9981e-01 4.3944e+02    15.6674    15.6955      0.332     71.375   54.15508   11.29338  0.000e+00
      9.884     3.5862     3.5912  15.450789  15.480247    358.176    357.896     1.4175     0.0806     0.6539 4.9816e-01 4.3944e+02    15.6700    15.7000      0.333     71.417   54.15508   11.29338  0.000e+00
      9.835     3.5849     3.5923  15.450930  15.484405    357.947    357.854     1.4322     0.0781     0.6466 4.9650e-01 4.3944e+02    15.6708    15.7040      0.333     71.458   54.15508   11.29338  0.000e+00
      9.891     3.5854     3.5928  15.449661  15.485173    357.924    357.873     1.4322     0.0794     0.6466 4.9486e-01 4.3944e+02    15.6691    15.7046      0.338     71.500   54.15508   11.29338  0.000e+00
      9.829     3.5868     3.5913  15.449285  15.476361    357.934    357.933     1.4248     0.0806     0.6637 4.9321e-01 4.4140e+02    15.6680    15.6956      0.334     71.542   54.15508   11.29338  0.000e+00
      9.891     3.5864     3.5890  15.453893  15.465563    357.951    357.970     1.4102     0.0794     0.7027 4.8994e-01 4.3944e+02    15.6733    15.6848      0.335     71.583   54.15508   11.29338  0.000e+00
      9.932     3.5877     3.5878  15.459300  15.458652    358.212    357.984     1.4102     0.0794     0.7174 4.8994e-01 4.3944e+02    15.6786    15.6778      0.333     71.625   54.15508   11.29338  0.000e+00
      9.836     3.5882     3.5865  15.461605  15.453187    358.221    358.027     1.4102     0.0806     0.7149 4.8669e-01 4.3944e+02    15.6809    15.6725      0.328     71.667   54.15508   11.29338  0.000e+00
      9.981     3.5877     3.5872  15.464756  15.457026    358.246    358.036     1.4102     0.0806     0.7125 4.8507e-01 4.3944e+02    15.6846    15.6763      0.332     71.708   54.15508   11.29338  0.000e+00
      9.939     3.5898     3.5889  15.474868  15.468500    357.959    357.963     1.4175     0.0806     0.7125 4.8345e-01 4.3944e+02    15.6947    15.6881      0.333     71.750   54.15508   11.29338  0.000e+00
     10.043     3.5915     3.5908  15.481643  15.478847    357.952    357.897     1.4248     0.0806     0.7100 4.8345e-01 4.3944e+02    15.7013    15.6986      0.338     71.792   54.15508   11.29338  0.000e+00
      9.884     3.5915     3.5925  15.483007  15.484811    357.966    357.832     1.4248     0.0806     0.7100 4.8184e-01 4.3944e+02    15.7028    15.7044      0.332     71.833   54.15508   11.29338  0.000e+00
      9.988     3.5915     3.5927  15.483148  15.488291    357.998    357.798     1.4102     0.0794     0.6930 4.8024e-01 4.3944e+02    15.7030    15.7080      0.330     71.875   54.15508   11.29338  0.000e+00
      9.981     3.5921     3.5934  15.483854  15.489873    357.971    357.759     1.3662     0.0794     0.6319 4.7864e-01 4.3944e+02    15.7035    15.7094      0.329     71.917   54.15508   11.29338  0.000e+00
      9.988     3.5929     3.5931  15.483948  15.490325    358.203    357.732     1.3516     0.0794     0.6099 4.7545e-01 4.3944e+02    15.7032    15.7101      0.327     71.958   54.15508   11.29338  0.000e+00
     10.029     3.5919     3.5930  15.483383  15.489964    357.982    357.704     1.3442     0.0806     0.6099 4.7386e-01 4.3944e+02    15.7030    15.7098      0.329     72.000   54.15508   11.29338  0.000e+00
     10.043     3.5922     3.5924  15.483195  15.489647    357.959    357.719     1.3369     0.0806     0.6124 4.7227e-01 4.3944e+02    15.7027    15.7097      0.330     72.042   54.15508   11.29338  0.000e+00
     10.085     3.5924     3.5922  15.482772  15.489783    357.939    357.731     1.3003     0.0806     0.6197 4.7227e-01 4.3944e+02    15.7021    15.7099      0.333     72.083   54.15508   11.29338  0.000e+00
     10.043     3.5919     3.5926  15.483336  15.490099    357.967    357.691     1.2856     0.0806     0.6221 4.7070e-01 4.3944e+02    15.7030    15.7101      0.330     72.125   54.15508   11.29338  0.000e+00
     10.043     3.5927     3.5936  15.485406  15.491907    358.193    357.683     1.2783     0.0806     0.6221 4.6912e-01 4.3944e+02    15.7049    15.7116      0.324     72.167   54.15508   11.29338  0.000e+00
     10.085     3.5939     3.5943  15.487759  15.493670    358.203    357.680     1.3003     0.0794     0.6246 4.6598e-01 4.3944e+02    15.7069    15.7132      0.330     72.208   54.15508   11.29338  0.000e+00
     10.092     3.5941     3.5947  15.488324  15.494077    357.964    357.683     1.4175     0.0794     0.6368 4.6598e-01 4.3944e+02    15.7074    15.7134      0.323     72.250   54.15508   11.29338  0.000e+00
     10.133     3.5936     3.5949  15.487147  15.494348    357.951    357.689     1.4761     0.0794     0.6417 4.6442e-01 4.3944e+02    15.7063    15.7136      0.326     72.292   54.15508   11.29338  0.000e+00
     10.140     3.5936     3.5946  15.487006  15.494439    357.928    357.656     1.4834     0.0806     0.6441 4.6287e-01 4.3944e+02    15.7062    15.7138      0.327     72.333   54.15508   11.29338  0.000e+00
     10.182     3.5938     3.5949  15.487242  15.494167    358.163    357.662     1.4615     0.0794     0.6392 4.6131e-01 4.3944e+02    15.7063    15.7134      0.329     72.375   54.15508   11.29338  0.000e+00
     10.092     3.5932     3.5943  15.486865  15.493173    357.928    357.629     1.3955     0.0794     0.6368 4.5822e-01 4.3944e+02    15.7062    15.7126      0.324     72.417   54.15508   11.29338  0.000e+00
     10.133     3.5933     3.5942  15.485783  15.493354    358.165    357.594     1.3662     0.0794     0.6343 4.5822e-01 4.3944e+02    15.7050    15.7129      0.321     72.458   54.15508   11.29338  0.000e+00
     10.244     3.5930     3.5943  15.484419  15.494213    358.197    357.597     1.3589     0.0794     0.6343 4.5668e-01 4.3944e+02    15.7036    15.7137      0.325     72.500   54.15508   11.29338  0.000e+00
     10.195     3.5924     3.5944  15.483289  15.493354    357.962    357.599     1.3589     0.0794     0.6343 4.5361e-01 4.3944e+02    15.7027    15.7128      0.325     72.542   54.15508   11.29338  0.000e+00
     10.237     3.5930     3.5936  15.486065  15.491727    357.921    357.573     1.3369     0.0794     0.6466 4.5209e-01 4.3944e+02    15.7054    15.7114      0.326     72.583   54.15508   11.29338  0.000e+00
     10.244     3.5940     3.5945  15.490394  15.494303    358.129    357.557     1.3296     0.0794     0.6539 4.5056e-01 4.3944e+02    15.7097    15.7137      0.328     72.625   54.15508   11.29338  0.000e+00
     10.237     3.5946     3.5959  15.492182  15.498462    357.876    357.532     1.3296     0.0794     0.6539 4.5056e-01 4.3944e+02    15.7114    15.7176      0.329     72.667   54.15508   11.29338  0.000e+00
     10.196     3.5951     3.5964  15.492417  15.501219    358.097    357.517     1.3223     0.0806     0.6514 4.4753e-01 4.3944e+02    15.7114    15.7204      0.325     72.708   54.15508   11.29338  0.000e+00
     10.285     3.5952     3.5966  15.492135  15.502078    357.856    357.518     1.3149     0.0806     0.6563 4.4753e-01 4.3944e+02    15.7110    15.7213      0.325     72.750   54.15508   11.29338  0.000e+00
     10.292     3.5949     3.5971  15.492465  15.502575    357.824    357.795     1.3149     0.0806     0.6588 4.4452e-01 4.3944e+02    15.7115    15.7216      0.324     72.792   54.15508   11.29338  0.000e+00
     10.334     3.5949     3.5966  15.493265  15.502304    357.791    357.557     1.3149     0.0794     0.6612 4.4452e-01 4.3944e+02    15.7124    15.7215      0.326     72.833   54.15508   11.29338  0.000e+00
     10.292     3.5951     3.5970  15.493594  15.502033    357.754    357.550     1.3149     0.0794     0.6588 4.4302e-01 4.3944e+02    15.7127    15.7210      0.328     72.875   54.15508   11.29338  0.000e+00
     10.341     3.5949     3.5964  15.493782  15.499999    357.773    357.562     1.3369     0.0806     0.6221 4.4152e-01 4.3944e+02    15.7129    15.7190      0.328     72.917   54.15508   11.29338  0.000e+00
     10.334     3.5947     3.5957  15.493829  15.497467    357.743    357.574     1.3516     0.0794     0.6002 4.4003e-01 4.3944e+02    15.7131    15.7166      0.329     72.958   54.15508   11.29338  0.000e+00
