Data/basic_emb.cnv
* Sea-Bird SBE 9 Data File:
* FileName = C:\CTD\CTD_Data\EMB356\EMB356_011-01_CTD_0010.hex
* Software Version Seasave V 7.26.7.121
* Temperature SN = 5492
* Conductivity SN = 4497
* Number of Bytes Per Scan = 44
* Number of Voltage Words = 5
* Number of Scans Averaged by the Deck Unit = 1
* NMEA Latitude = 54 09.31 N
* NMEA Longitude = 011 17.60 E
* NMEA UTC (Time) = Feb 08 2024 08:31:25
* NMEA baud rate = 9600
** Cruise = EMB356
** Station = EMB356_11-1
** Platform = CTD
** Cast = 0010
** Operator = Johann Ruickoldt
** GPS_Time = 08.02.2024 08:30:10
** GPS_Lat = 54  9.308 N
** GPS_Lon = 11 17.587 E
** Echo_Depth =   25.7 m
** Air_Pressure = 1000.8 hPa
** WsStartID =   251
** Pos_Alias = TF0021
# nquan = 19
# nvalues = 3067                                  
# units = specified
# name 0 = prDM: Pressure, Digiquartz [db]
# name 1 = t090C: Temperature [ITS-90, deg C]
# name 2 = t190C: Temperature, 2 [ITS-90, deg C]
# name 3 = c0mS/cm: Conductivity [mS/cm]
# name 4 = c1mS/cm: Conductivity, 2 [mS/cm]
# name 5 = sbox0Mm/Kg: Oxygen, SBE 43 [umol/kg]
# name 6 = sbox1Mm/Kg: Oxygen, SBE 43, 2 [umol/kg]
# name 7 = flECO-AFL: Fluorescence, WET Labs ECO-AFL/FL [mg/m^3]
# name 8 = wetCDOM: Fluorescence, WET Labs CDOM [mg/m^3]
# name 9 = turbWETntu0: Turbidity, WET Labs ECO [NTU]
# name 10 = par: PAR/Irradiance, Biospherical/Licor
# name 11 = spar: SPAR, Biospherical/Licor
# name 12 = sal00: Salinity, Practical [PSU]
# name 13 = sal11: Salinity, Practical, 2 [PSU]
# name 14 = dz/dtM: Descent Rate [m/s]
# name 15 = timeS: Time, Elapsed [seconds]
# name 16 = latitude: Latitude [deg]
# name 17 = longitude: Longitude [deg]
# name 18 = flag:  0.000e+00
# span 0 =      1.045,     23.610                 
# span 1 =     3.5566,     3.7537                 
# span 2 =     3.5563,     3.7536                 
# span 3 =  15.326476,  17.783487                 
# span 4 =  15.326428,  17.782543                 
# span 5 =    345.130,    359.159                 
# span 6 =    345.601,    359.106                 
# span 7 =     1.0365,     2.2160                 
# span 8 =     0.0769,     0.0842                 
# span 9 =     0.4585,     3.8871                 
# span 10 = 4.5387e-02, 1.0321e+01                
# span 11 = 3.6685e+02, 4.9829e+02                
# span 12 =    15.5484,    18.1609                
# span 13 =    15.5487,    18.1600                
# span 14 =     -0.017,      0.350                
# span 15 =      0.000,    127.750                
# span 16 =   54.15502,   54.15510                
# span 17 =   11.29326,   11.29338                
# span 18 = 0.0000e+00, 0.0000e+00                
# interval = seconds: 0.0416667
# start_time = Feb 08 2024 08:31:24 [System UTC, first data scan.]
# bad_flag = -9.990e-29
*END*
[from data line 2439]
     19.522     3.7501     3.7482  16.651911  16.626653    353.164    353.758     1.4908     0.0794     2.0361 7.8164e-02 3.9824e+02    16.9089    16.8820      0.315    101.625   54.15504   11.29334  0.000e+00
     19.674     3.7505     3.7477  16.652778  16.622310    353.151    353.834     1.4761     0.0806     2.0678 7.8638e-02 3.9824e+02    16.9096    16.8774      0.323    101.667   54.15504   11.29334  0.000e+00
     19.640     3.7506     3.7474  16.653644  16.619307    353.132    353.896     1.4322     0.0818     2.3242 7.8164e-02 3.9824e+02    16.9105    16.8743      0.323    101.708   54.15504   11.29334  0.000e+00
     19.674     3.7506     3.7472  16.656531  16.619122    353.114    353.911     1.4028     0.0818     2.4634 7.8164e-02 3.9824e+02    16.9137    16.8741      0.327    101.750   54.15504   11.29334  0.000e+00
     19.626     3.7514     3.7485  16.659611  16.629795    353.087    353.597     1.4028     0.0794     2.4805 7.7691e-02 3.9824e+02    16.9167    16.8853      0.321    101.792   54.15504   11.29334  0.000e+00
     19.743     3.7517     3.7506  16.661873  16.647635    353.075    353.782     1.4028     0.0794     2.4658 7.7691e-02 3.9824e+02    16.9190    16.9039      0.329    101.833   54.15504   11.29334  0.000e+00
     19.626     3.7520     3.7515  16.664713  16.659284    353.053    353.742     1.5201     0.0794     2.4024 7.7691e-02 3.9824e+02    16.9220    16.9163      0.322    101.875   54.15504   11.29334  0.000e+00
     19.723     3.7526     3.7515  16.667216  16.658082    353.041    353.477     1.6007     0.0806     2.3657 7.7691e-02 3.9824e+02    16.9244    16.9149      0.323    101.917   54.15504   11.29334  0.000e+00
     19.688     3.7528     3.7509  16.667505  16.649761    353.083    353.752     1.6153     0.0806     2.3608 7.7220e-02 3.9824e+02    16.9246    16.9061      0.323    101.958   54.15504   11.29334  0.000e+00
     19.723     3.7528     3.7502  16.666831  16.645693    353.088    353.777     1.6080     0.0794     2.3633 7.6750e-02 3.9824e+02    16.9239    16.9019      0.323    102.000   54.15504   11.29334  0.000e+00
     19.674     3.7528     3.7509  16.667071  16.650038    353.042    353.759     1.4395     0.0794     2.5318 7.6750e-02 3.9824e+02    16.9242    16.9064      0.320    102.042   54.15504   11.29334  0.000e+00
     19.792     3.7534     3.7515  16.667553  16.655909    353.044    353.743     1.3223     0.0794     2.6539 7.6750e-02 3.9824e+02    16.9243    16.9125      0.318    102.083   54.15504   11.29334  0.000e+00
     19.778     3.7528     3.7519  16.667072  16.658452    353.056    353.732     1.2930     0.0794     2.6734 7.6281e-02 3.9824e+02    16.9241    16.9151      0.323    102.125   54.15504   11.29334  0.000e+00
     19.723     3.7526     3.7521  16.666013  16.660348    353.065    353.720     1.3003     0.0794     2.6661 7.6281e-02 3.9824e+02    16.9231    16.9171      0.321    102.167   54.15504   11.29334  0.000e+00
     19.840     3.7528     3.7526  16.666735  16.663492    353.077    353.709     1.4175     0.0794     2.5879 7.5813e-02 3.9824e+02    16.9238    16.9203      0.323    102.208   54.15504   11.29334  0.000e+00
     19.826     3.7531     3.7528  16.668275  16.665480    353.081    353.417     1.5201     0.0806     2.5220 7.5813e-02 3.9824e+02    16.9253    16.9224      0.323    102.250   54.15504   11.29334  0.000e+00
     19.778     3.7533     3.7526  16.670104  16.666821    353.085    353.648     1.5420     0.0794     2.5098 7.5813e-02 3.9824e+02    16.9272    16.9240      0.325    102.292   54.15504   11.29334  0.000e+00
     19.840     3.7533     3.7529  16.670730  16.667376    353.309    353.640     1.5347     0.0794     2.5122 7.5813e-02 3.9824e+02    16.9279    16.9244      0.323    102.333   54.15504   11.29334  0.000e+00
     19.826     3.7534     3.7528  16.670345  16.668023    353.064    353.630     1.5274     0.0794     2.5293 7.5347e-02 3.9824e+02    16.9274    16.9252      0.321    102.375   54.15504   11.29334  0.000e+00
     19.875     3.7534     3.7531  16.670056  16.669318    353.081    353.657     1.5201     0.0806     2.5489 7.4882e-02 3.9824e+02    16.9271    16.9264      0.324    102.417   54.15504   11.29334  0.000e+00
     19.896     3.7533     3.7533  16.670297  16.670798    353.098    353.642     1.5127     0.0806     2.5513 7.4882e-02 3.9824e+02    16.9274    16.9280      0.323    102.458   54.15504   11.29334  0.000e+00
     19.875     3.7534     3.7531  16.670778  16.672093    353.111    353.349     1.5127     0.0781     2.5513 7.4882e-02 3.9824e+02    16.9279    16.9295      0.325    102.500   54.15504   11.29334  0.000e+00
     19.875     3.7537     3.7525  16.671067  16.673527    353.334    353.579     1.4468     0.0781     2.6270 7.4419e-02 3.9824e+02    16.9281    16.9314      0.324    102.542   54.15504   11.29334  0.000e+00
     19.944     3.7536     3.7526  16.671115  16.674221    353.401    353.566     1.3589     0.0781     2.7296 7.4419e-02 3.9824e+02    16.9281    16.9321      0.323    102.583   54.15504   11.29334  0.000e+00
     19.875     3.7537     3.7523  16.671404  16.672741    353.156    353.555     1.3369     0.0794     2.7564 7.3957e-02 3.9824e+02    16.9284    16.9306      0.321    102.625   54.15504   11.29334  0.000e+00
     19.930     3.7533     3.7523  16.671356  16.670567    353.132    353.588     1.3369     0.0806     2.7540 7.4419e-02 4.0020e+02    16.9286    16.9282      0.324    102.667   54.15504   11.29334  0.000e+00
     19.930     3.7531     3.7525  16.671308  16.671261    352.896    353.289     1.3589     0.0806     2.5831 7.3957e-02 3.9824e+02    16.9286    16.9289      0.321    102.708   54.15504   11.29334  0.000e+00
     19.944     3.7536     3.7525  16.671019  16.675053    353.124    353.503     1.3882     0.0806     2.3315 7.3496e-02 4.0020e+02    16.9280    16.9331      0.321    102.750   54.15504   11.29334  0.000e+00
     19.979     3.7531     3.7520  16.671212  16.679123    353.151    353.479     1.3955     0.0794     2.2607 7.3036e-02 4.0020e+02    16.9285    16.9378      0.320    102.792   54.15504   11.29334  0.000e+00
     20.027     3.7533     3.7517  16.671741  16.681575    353.176    353.457     1.3955     0.0794     2.2680 7.3036e-02 4.0020e+02    16.9290    16.9406      0.324    102.833   54.15504   11.29334  0.000e+00
     19.992     3.7531     3.7512  16.672415  16.681806    352.945    353.478     1.4468     0.0794     2.2949 7.3036e-02 4.0020e+02    16.9298    16.9412      0.323    102.875   54.15504   11.29334  0.000e+00
     19.979     3.7530     3.7507  16.673570  16.681852    353.182    353.181     1.5567     0.0794     2.3291 7.3036e-02 4.0020e+02    16.9312    16.9415      0.318    102.917   54.15504   11.29334  0.000e+00
     20.082     3.7523     3.7510  16.676796  16.679170    352.960    353.451     1.5933     0.0806     2.3389 7.2578e-02 4.0020e+02    16.9350    16.9383      0.321    102.958   54.15504   11.29334  0.000e+00
     20.041     3.7514     3.7510  16.686136  16.678059    353.184    353.472     1.5860     0.0806     2.3364 7.2121e-02 4.0020e+02    16.9459    16.9371      0.321    103.000   54.15504   11.29334  0.000e+00
     20.082     3.7500     3.7507  16.695864  16.689624    353.207    353.462     1.5640     0.0806     2.3389 7.2121e-02 4.0020e+02    16.9573    16.9500      0.321    103.042   54.15504   11.29334  0.000e+00
     20.027     3.7492     3.7504  16.700825  16.710723    353.189    353.420     1.5054     0.0794     2.3511 7.2121e-02 4.0020e+02    16.9632    16.9735      0.319    103.083   54.15504   11.29334  0.000e+00
     20.096     3.7489     3.7502  16.701595  16.726692    353.233    353.356     1.4834     0.0806     2.3560 7.2121e-02 4.0020e+02    16.9642    16.9912      0.317    103.125   54.15504   11.29334  0.000e+00
     20.082     3.7490     3.7501  16.699717  16.734933    352.976    353.310     1.4908     0.0818     2.3560 7.1665e-02 4.0020e+02    16.9620    17.0004      0.318    103.167   54.15504   11.29334  0.000e+00
     20.131     3.7498     3.7501  16.696057  16.739007    352.933    353.276     1.4615     0.0806     2.3242 7.1665e-02 4.0020e+02    16.9576    17.0049      0.320    103.208   54.15504   11.29334  0.000e+00
     20.145     3.7495     3.7498  16.694275  16.741091    353.149    353.288     1.4028     0.0806     2.2265 7.1210e-02 4.0020e+02    16.9558    17.0073      0.320    103.250   54.15504   11.29334  0.000e+00
     20.082     3.7499     3.7496  16.696442  16.740952    353.182    353.301     1.3735     0.0806     2.1923 7.1210e-02 4.0020e+02    16.9580    17.0073      0.316    103.292   54.15504   11.29334  0.000e+00
     20.179     3.7497     3.7495  16.701018  16.747621    353.222    353.023     1.3735     0.0781     2.1899 7.0757e-02 4.0020e+02    16.9631    17.0147      0.319    103.333   54.15504   11.29334  0.000e+00
     20.193     3.7493     3.7498  16.705160  16.755217    353.215    352.976     1.3809     0.0794     2.2290 7.0757e-02 4.0020e+02    16.9679    17.0229      0.320    103.375   54.15504   11.29334  0.000e+00
     20.131     3.7495     3.7496  16.708676  16.760173    353.203    352.939     1.4248     0.0806     2.3804 7.0305e-02 4.0217e+02    16.9717    17.0285      0.317    103.417   54.15504   11.29334  0.000e+00
     20.179     3.7494     3.7500  16.713975  16.764249    352.937    352.907     1.4468     0.0806     2.4414 7.0305e-02 4.0217e+02    16.9776    17.0328      0.315    103.458   54.15504   11.29334  0.000e+00
     20.193     3.7495     3.7500  16.730984  16.766103    353.100    352.844     1.4468     0.0806     2.4463 7.0305e-02 4.0217e+02    16.9963    17.0348      0.317    103.500   54.15504   11.29334  0.000e+00
     20.227     3.7497     3.7501  16.739563  16.769577    352.824    352.816     1.4468     0.0806     2.4243 6.9855e-02 4.0217e+02    17.0057    17.0386      0.319    103.542   54.15504   11.29334  0.000e+00
     20.227     3.7497     3.7506  16.735129  16.776574    353.100    352.735     1.4761     0.0794     2.3340 6.9855e-02 4.0217e+02    17.0008    17.0461      0.319    103.583   54.15504   11.29334  0.000e+00
     20.248     3.7494     3.7507  16.730695  16.780235    353.124    352.667     1.4981     0.0794     2.2925 6.9405e-02 4.0217e+02    16.9960    17.0500      0.320    103.625   54.15504   11.29334  0.000e+00
     20.227     3.7497     3.7507  16.728382  16.777315    353.135    352.658     1.4981     0.0806     2.2900 6.9405e-02 4.0217e+02    16.9933    17.0468      0.313    103.667   54.15504   11.29334  0.000e+00
     20.283     3.7497     3.7502  16.732575  16.769624    352.878    352.673     1.4908     0.0794     2.2974 6.9405e-02 4.0217e+02    16.9979    17.0385      0.317    103.708   54.15504   11.29334  0.000e+00
     20.297     3.7495     3.7502  16.739370  16.761239    353.078    352.685     1.4908     0.0781     2.3584 6.8957e-02 4.0217e+02    17.0055    17.0293      0.319    103.750   54.15504   11.29334  0.000e+00
     20.283     3.7500     3.7501  16.747083  16.758089    353.060    352.684     1.4981     0.0794     2.3877 6.8510e-02 4.0217e+02    17.0138    17.0259      0.320    103.792   54.15504   11.29334  0.000e+00
     20.283     3.7500     3.7501  16.755230  16.755031    352.791    352.643     1.4908     0.0806     2.3901 6.8510e-02 4.0217e+02    17.0228    17.0225      0.317    103.833   54.15504   11.29334  0.000e+00
     20.345     3.7505     3.7501  16.761884  16.751419    352.736    352.646     1.4908     0.0806     2.3853 6.8510e-02 4.0217e+02    17.0299    17.0185      0.323    103.875   54.15504   11.29334  0.000e+00
     20.380     3.7503     3.7501  16.766272  16.749983    352.949    352.644     1.5787     0.0806     2.3535 6.8510e-02 4.0217e+02    17.0348    17.0169      0.322    103.917   54.15504   11.29334  0.000e+00
     20.331     3.7505     3.7502  16.768250  16.751187    352.953    352.590     1.6373     0.0794     2.3340 6.8064e-02 4.0217e+02    17.0369    17.0182      0.323    103.958   54.15504   11.29334  0.000e+00
     20.380     3.7505     3.7501  16.768394  16.753781    352.713    352.579     1.6446     0.0806     2.3340 6.7620e-02 4.0413e+02    17.0370    17.0211      0.323    104.000   54.15504   11.29334  0.000e+00
     20.400     3.7501     3.7501  16.770516  16.756468    352.680    352.568     1.6373     0.0794     2.3340 6.7620e-02 4.0413e+02    17.0395    17.0241      0.324    104.042   54.15504   11.29334  0.000e+00
     20.331     3.7505     3.7504  16.771240  16.761053    352.643    352.545     1.5933     0.0806     2.4585 6.7620e-02 4.0413e+02    17.0402    17.0290      0.317    104.083   54.15504   11.29334  0.000e+00
     20.483     3.7501     3.7504  16.769504  16.766057    352.632    352.536     1.5640     0.0806     2.5464 6.7620e-02 4.0413e+02    17.0384    17.0345      0.324    104.125   54.15504   11.29334  0.000e+00
     20.400     3.7503     3.7504  16.768298  16.767863    352.605    352.527     1.5640     0.0794     2.5635 6.7177e-02 4.0413e+02    17.0370    17.0365      0.324    104.167   54.15504   11.29334  0.000e+00
     20.380     3.7506     3.7502  16.769552  16.769578    352.830    352.524     1.5567     0.0794     2.5562 6.6735e-02 4.0413e+02    17.0382    17.0385      0.318    104.208   54.15504   11.29334  0.000e+00
     20.532     3.7506     3.7506  16.770758  16.771709    352.601    352.525     1.5494     0.0794     2.3608 6.6735e-02 4.0413e+02    17.0395    17.0406      0.326    104.250   54.15504   11.29334  0.000e+00
     20.449     3.7506     3.7501  16.772494  16.771431    352.572    352.490     1.5420     0.0794     2.2094 6.6735e-02 4.0413e+02    17.0415    17.0406      0.327    104.292   54.15504   11.29334  0.000e+00
     20.483     3.7506     3.7504  16.774712  16.769346    352.548    352.500     1.5420     0.0794     2.1801 6.6735e-02 4.0413e+02    17.0439    17.0381      0.325    104.333   54.15504   11.29334  0.000e+00
     20.483     3.7503     3.7504  16.776738  16.770458    352.575    352.224     1.5347     0.0794     2.1875 6.6294e-02 4.0413e+02    17.0463    17.0393      0.326    104.375   54.15504   11.29334  0.000e+00
     20.497     3.7506     3.7506  16.779005  16.777223    352.553    352.175     1.5347     0.0806     2.3267 6.5855e-02 4.0413e+02    17.0486    17.0467      0.325    104.417   54.15504   11.29334  0.000e+00
     20.532     3.7511     3.7514  16.783540  16.791914    352.526    352.100     1.5201     0.0806     2.4610 6.6294e-02 4.0413e+02    17.0534    17.0625      0.327    104.458   54.15504   11.29334  0.000e+00
     20.532     3.7509     3.7521  16.794587  16.805079    352.485    352.312     1.5201     0.0794     2.4878 6.5855e-02 4.0413e+02    17.0657    17.0766      0.329    104.500   54.15504   11.29334  0.000e+00
     20.497     3.7515     3.7525  16.802790  16.819036    352.447    351.965     1.5201     0.0794     2.4805 6.5855e-02 4.0413e+02    17.0744    17.0919      0.326    104.542   54.15504   11.29334  0.000e+00
     20.580     3.7519     3.7531  16.805155  16.836198    352.483    352.172     1.4761     0.0794     2.4317 6.5417e-02 4.0413e+02    17.0768    17.1105      0.326    104.583   54.15504   11.29334  0.000e+00
     20.580     3.7517     3.7533  16.802694  16.848724    352.282    352.155     1.4248     0.0794     2.3779 6.4980e-02 4.0413e+02    17.0742    17.1242      0.329    104.625   54.15504   11.29334  0.000e+00
     20.580     3.7513     3.7533  16.797434  16.856659    352.514    352.154     1.4102     0.0794     2.3657 6.5417e-02 4.0413e+02    17.0686    17.1330      0.326    104.667   54.15504   11.29334  0.000e+00
     20.601     3.7513     3.7533  16.794153  16.849374    352.531    351.922     1.4102     0.0806     2.3682 6.4980e-02 4.0413e+02    17.0650    17.1249      0.326    104.708   54.15504   11.29334  0.000e+00
