Data/basic_emb.cnv
* Sea-Bird SBE 9 Data File:
* FileName = C:\CTD\CTD_Data\EMB356\EMB356_011-01_CTD_0010.hex
* Software Version Seasave V 7.26.7.121
* Temperature SN = 5492
* Conductivity SN = 4497
* Number of Bytes Per Scan = 44
* Number of Voltage Words = 5
* Number of Scans Averaged by the Deck Unit = 1
* NMEA Latitude = 54 09.31 N
* NMEA Longitude = 011 17.60 E
* NMEA UTC (Time) = Feb 08 2024 08:31:25
* NMEA baud rate = 9600
** Cruise = EMB356
** Station = EMB356_11-1
** Platform = CTD
** Cast = 0010
** Operator = Johann Ruickoldt
** GPS_Time = 08.02.2024 08:30:10
** GPS_Lat = 54  9.308 N
** GPS_Lon = 11 17.587 E
** Echo_Depth =   25.7 m
** Air_Pressure = 1000.8 hPa
** WsStartID =   251
** Pos_Alias = TF0021
# nquan = 19
# nvalues = 3067                                  
# units = specified
# name 0 = prDM: Pressure, Digiquartz [db]
# name 1 = t090C: Temperature [ITS-90, deg C]
# name 2 = t190C: Temperature, 2 [ITS-90, deg C]
# name 3 = c0mS/cm: Conductivity [mS/cm]
# name 4 = c1mS/cm: Conductivity, 2 [mS/cm]
# name 5 = sbox0Mm/Kg: Oxygen, SBE 43 [umol/kg]
# name 6 = sbox1Mm/Kg: Oxygen, SBE 43, 2 [umol/kg]
# name 7 = flECO-AFL: Fluorescence, WET Labs ECO-AFL/FL [mg/m^3]
# name 8 = wetCDOM: Fluorescence, WET Labs CDOM [mg/m^3]
# name 9 = turbWETntu0: Turbidity, WET Labs ECO [NTU]
# name 10 = par: PAR/Irradiance, Biospherical/Licor
# name 11 = spar: SPAR, Biospherical/Licor
# name 12 = sal00: Salinity, Practical [PSU]
# name 13 = sal11: Salinity, Practical, 2 [PSU]
# name 14 = dz/dtM: Descent Rate [m/s]
# name 15 = timeS: Time, Elapsed [seconds]
# name 16 = latitude: Latitude [deg]
# name 17 = longitude: Longitude [deg]
# name 18 = flag:  0.000e+00
# span 0 =      1.045,     23.610                 
# span 1 =     3.5566,     3.7537                 
# span 2 =     3.5563,     3.7536                 
# span 3 =  15.326476,  17.783487                 
# span 4 =  15.326428,  17.782543                 
# span 5 =    345.130,    359.159                 
# span 6 =    345.601,    359.106                 
# span 7 =     1.0365,     2.2160                 
# span 8 =     0.0769,     0.0842                 
# span 9 =     0.4585,     3.8871                 
# span 10 = 4.5387e-02, 1.0321e+01                
# span 11 = 3.6685e+02, 4.9829e+02                
# span 12 =    15.5484,    18.1609                
# span 13 =    15.5487,    18.1600                
# span 14 =     -0.017,      0.350                
# span 15 =      0.000,    127.750                
# span 16 =   54.15502,   54.15510                
# span 17 =   11.29326,   11.29338                
# span 18 = 0.0000e+00, 0.0000e+00                
# interval = seconds: 0.0416667
# start_time = Feb 08 2024 08:31:24 [System UTC, first data scan.]
# bad_flag = -9.990e-29
*END*
[from data line 1829]
     11.393     3.6144     3.6558  15.529936  15.591169    357.605    356.849     1.4322     0.0806     0.5953 3.4164e-01 4.3944e+02    15.7430    15.7903      0.318     76.208   54.15508   11.29338  0.000e+00
     11.407     3.6155     3.6555  15.531349  15.590762    357.615    357.118     1.4248     0.0806     0.5977 3.4043e-01 4.3944e+02    15.7440    15.7899      0.317     76.250   54.15508   11.29338  0.000e+00
     11.393     3.6172     3.6564  15.534551  15.591396    357.567    357.129     1.3809     0.0818     0.6319 3.3922e-01 4.3944e+02    15.7467    15.7902      0.320     76.292   54.15508   11.29338  0.000e+00
     11.407     3.6208     3.6564  15.542935  15.591396    357.488    357.150     1.3296     0.0806     0.6685 3.3801e-01 4.3944e+02    15.7542    15.7902      0.316     76.333   54.15508   11.29338  0.000e+00
     11.448     3.6279     3.6541  15.554853  15.585011    357.628    357.209     1.3149     0.0794     0.6783 3.3681e-01 4.3944e+02    15.7638    15.7843      0.319     76.375   54.15508   11.29338  0.000e+00
     11.455     3.6362     3.6398  15.567245  15.561561    357.283    357.422     1.3149     0.0794     0.6759 3.3561e-01 4.3944e+02    15.7734    15.7655      0.318     76.417   54.15508   11.29338  0.000e+00
     11.497     3.6428     3.6241  15.574739  15.537262    357.439    357.367     1.3149     0.0794     0.6881 3.3442e-01 4.3944e+02    15.7785    15.7463      0.318     76.458   54.15508   11.29338  0.000e+00
     11.455     3.6410     3.6152  15.573890  15.525004    357.474    357.739     1.3076     0.0794     0.7052 3.3322e-01 4.3944e+02    15.7784    15.7372      0.320     76.500   54.15508   11.29338  0.000e+00
     11.545     3.6400     3.6105  15.571157  15.523331    357.303    357.802     1.3076     0.0806     0.7100 3.3322e-01 4.3944e+02    15.7759    15.7376      0.320     76.542   54.15508   11.29338  0.000e+00
     11.455     3.6379     3.6179  15.565549  15.538846    357.354    357.698     1.3003     0.0806     0.7100 3.3204e-01 4.3944e+02    15.7708    15.7511      0.316     76.583   54.15508   11.29338  0.000e+00
     11.497     3.6325     3.6287  15.558010  15.558801    357.401    357.555     1.3442     0.0794     0.7125 3.3085e-01 4.3944e+02    15.7651    15.7678      0.315     76.625   54.15508   11.29338  0.000e+00
     11.559     3.6345     3.6339  15.561072  15.569392    357.352    357.488     1.4102     0.0781     0.7223 3.2967e-01 4.3944e+02    15.7675    15.7769      0.317     76.667   54.15508   11.29338  0.000e+00
     11.545     3.6446     3.6410  15.572288  15.577450    357.464    357.125     1.4248     0.0794     0.7247 3.2849e-01 4.3944e+02    15.7749    15.7823      0.320     76.708   54.15508   11.29338  0.000e+00
     11.608     3.6524     3.6485  15.583176  15.585509    357.386    357.287     1.4248     0.0794     0.7223 3.2731e-01 4.3748e+02    15.7831    15.7875      0.322     76.750   54.15508   11.29338  0.000e+00
     11.559     3.6561     3.6547  15.588314  15.591441    357.355    357.218     1.3735     0.0794     0.6905 3.2614e-01 4.3748e+02    15.7870    15.7911      0.319     76.792   54.15508   11.29338  0.000e+00
     11.601     3.6551     3.6580  15.587371  15.594476    357.383    357.226     1.2783     0.0794     0.6319 3.2497e-01 4.3748e+02    15.7864    15.7928      0.317     76.833   54.15508   11.29338  0.000e+00
     11.559     3.6539     3.6600  15.586004  15.596106    357.409    357.205     1.2490     0.0794     0.6124 3.2497e-01 4.3748e+02    15.7855    15.7936      0.314     76.875   54.15508   11.29338  0.000e+00
     11.649     3.6534     3.6613  15.585769  15.596740    357.478    357.197     1.2490     0.0794     0.6124 3.2381e-01 4.3748e+02    15.7854    15.7937      0.317     76.917   54.15508   11.29338  0.000e+00
     11.608     3.6545     3.6618  15.587371  15.596966    357.474    357.190     1.2490     0.0794     0.6441 3.2264e-01 4.3748e+02    15.7867    15.7937      0.317     76.958   54.15508   11.29338  0.000e+00
     11.698     3.6562     3.6599  15.590672  15.594159    357.463    357.259     1.2637     0.0794     0.7198 3.2148e-01 4.3748e+02    15.7895    15.7915      0.320     77.000   54.15508   11.29338  0.000e+00
     11.608     3.6590     3.6554  15.593595  15.589041    357.176    357.349     1.2637     0.0806     0.7442 3.2033e-01 4.3748e+02    15.7913    15.7881      0.317     77.042   54.15508   11.29338  0.000e+00
     11.698     3.6598     3.6529  15.595292  15.586143    357.130    357.382     1.2637     0.0794     0.7442 3.1918e-01 4.3748e+02    15.7928    15.7861      0.319     77.083   54.15508   11.29338  0.000e+00
     11.656     3.6610     3.6505  15.596377  15.583834    357.333    357.405     1.3003     0.0794     0.7247 3.1918e-01 4.3748e+02    15.7934    15.7847      0.316     77.125   54.15508   11.29338  0.000e+00
     11.698     3.6613     3.6493  15.596424  15.582747    357.338    357.416     1.4175     0.0794     0.6759 3.1803e-01 4.3748e+02    15.7933    15.7841      0.315     77.167   54.15508   11.29338  0.000e+00
     11.760     3.6609     3.6479  15.596424  15.581797    357.349    357.469     1.4615     0.0794     0.6588 3.1574e-01 4.3748e+02    15.7935    15.7837      0.318     77.208   54.15508   11.29338  0.000e+00
     11.698     3.6613     3.6469  15.595716  15.581525    357.346    357.510     1.4615     0.0794     0.6563 3.1574e-01 4.3748e+02    15.7925    15.7839      0.317     77.250   54.15508   11.29338  0.000e+00
     11.760     3.6610     3.6471  15.594491  15.581525    357.403    357.546     1.4395     0.0794     0.6563 3.1460e-01 4.3748e+02    15.7913    15.7838      0.320     77.292   54.15508   11.29338  0.000e+00
     11.753     3.6576     3.6467  15.591426  15.581253    357.490    357.543     1.3662     0.0794     0.6514 3.1346e-01 4.3552e+02    15.7896    15.7837      0.320     77.333   54.15508   11.29338  0.000e+00
     11.712     3.6568     3.6464  15.590153  15.580936    357.547    357.537     1.3442     0.0806     0.6514 3.1233e-01 4.3552e+02    15.7886    15.7835      0.316     77.375   54.15508   11.29338  0.000e+00
     11.850     3.6580     3.6464  15.591756  15.580801    357.586    357.534     1.3369     0.0806     0.6490 3.1120e-01 4.3552e+02    15.7897    15.7833      0.322     77.417   54.15508   11.29338  0.000e+00
     11.808     3.6565     3.6471  15.591002  15.581706    357.648    357.512     1.3516     0.0794     0.6710 3.1120e-01 4.3552e+02    15.7896    15.7840      0.320     77.458   54.15508   11.29338  0.000e+00
     11.753     3.6529     3.6474  15.587560  15.582883    357.687    357.490     1.3955     0.0794     0.7711 3.1007e-01 4.3552e+02    15.7876    15.7851      0.313     77.500   54.15508   11.29338  0.000e+00
     11.864     3.6510     3.6472  15.585015  15.582566    357.714    357.482     1.4175     0.0806     0.8126 3.0895e-01 4.3552e+02    15.7857    15.7848      0.321     77.542   54.15508   11.29338  0.000e+00
     11.850     3.6493     3.6467  15.583553  15.581751    357.728    357.472     1.4175     0.0794     0.8151 3.0783e-01 4.3552e+02    15.7849    15.7842      0.324     77.583   54.15508   11.29338  0.000e+00
     11.808     3.6492     3.6472  15.583930  15.582295    357.769    357.446     1.4102     0.0794     0.7955 3.0671e-01 4.3552e+02    15.7854    15.7846      0.321     77.625   54.15508   11.29338  0.000e+00
     11.898     3.6498     3.6481  15.584025  15.583019    357.762    357.420     1.3809     0.0781     0.6978 3.0671e-01 4.3552e+02    15.7852    15.7849      0.320     77.667   54.15508   11.29338  0.000e+00
     11.864     3.6492     3.6485  15.582799  15.583744    357.810    357.392     1.3735     0.0794     0.6514 3.0559e-01 4.3552e+02    15.7842    15.7855      0.322     77.708   54.15508   11.29338  0.000e+00
     11.898     3.6481     3.6486  15.581715  15.583110    358.074    357.412     1.3735     0.0794     0.6490 3.0448e-01 4.3552e+02    15.7835    15.7847      0.324     77.750   54.15508   11.29338  0.000e+00
     11.912     3.6488     3.6479  15.582564  15.581706    358.101    357.442     1.3662     0.0794     0.6514 3.0337e-01 4.3552e+02    15.7840    15.7836      0.321     77.792   54.15508   11.29338  0.000e+00
     11.961     3.6493     3.6469  15.583459  15.579986    358.127    357.435     1.3735     0.0794     0.6612 3.0227e-01 4.3552e+02    15.7848    15.7821      0.326     77.833   54.15508   11.29338  0.000e+00
     11.898     3.6501     3.6453  15.584166  15.578401    358.143    357.426     1.3809     0.0806     0.6661 3.0227e-01 4.3355e+02    15.7852    15.7812      0.326     77.875   54.15508   11.29338  0.000e+00
     11.912     3.6506     3.6452  15.583931  15.579442    357.905    357.681     1.3809     0.0806     0.6661 3.0117e-01 4.3355e+02    15.7847    15.7824      0.325     77.917   54.15508   11.29338  0.000e+00
     12.002     3.6501     3.6471  15.583931  15.582114    358.146    357.429     1.3735     0.0806     0.6637 3.0007e-01 4.3355e+02    15.7849    15.7844      0.325     77.958   54.15508   11.29338  0.000e+00
     11.961     3.6498     3.6495  15.583836  15.584468    358.213    357.370     1.3149     0.0806     0.6637 2.9897e-01 4.3355e+02    15.7850    15.7858      0.327     78.000   54.15508   11.29338  0.000e+00
     11.954     3.6501     3.6491  15.584308  15.584287    358.224    357.383     1.2783     0.0794     0.6661 2.9788e-01 4.3355e+02    15.7854    15.7858      0.324     78.042   54.15508   11.29338  0.000e+00
     12.009     3.6501     3.6486  15.584072  15.583336    358.239    357.361     1.2710     0.0794     0.6661 2.9679e-01 4.3355e+02    15.7851    15.7850      0.323     78.083   54.15508   11.29338  0.000e+00
     12.002     3.6504     3.6482  15.584496  15.582838    358.242    357.333     1.2710     0.0781     0.6637 2.9570e-01 4.3355e+02    15.7854    15.7846      0.323     78.125   54.15508   11.29338  0.000e+00
     12.064     3.6506     3.6485  15.584968  15.582793    358.295    357.299     1.3149     0.0794     0.6539 2.9570e-01 4.3355e+02    15.7858    15.7844      0.330     78.167   54.15508   11.29338  0.000e+00
     12.051     3.6509     3.6486  15.584921  15.582884    358.035    357.261     1.3442     0.0794     0.6490 2.9462e-01 4.3355e+02    15.7856    15.7845      0.330     78.208   54.15508   11.29338  0.000e+00
     12.065     3.6492     3.6482  15.583648  15.582838    358.266    357.228     1.3442     0.0806     0.6466 2.9354e-01 4.3355e+02    15.7850    15.7846      0.331     78.250   54.15508   11.29338  0.000e+00
     12.106     3.6478     3.6485  15.581385  15.583155    358.283    357.228     1.3442     0.0794     0.6466 2.9246e-01 4.3355e+02    15.7832    15.7848      0.333     78.292   54.15508   11.29338  0.000e+00
     12.065     3.6456     3.6490  15.579311  15.583291    358.299    357.223     1.3955     0.0806     0.6319 2.9246e-01 4.3355e+02    15.7820    15.7847      0.331     78.333   54.15508   11.29338  0.000e+00
     12.051     3.6459     3.6483  15.579359  15.582204    358.026    357.515     1.4322     0.0806     0.6221 2.9032e-01 4.3159e+02    15.7819    15.7839      0.327     78.375   54.15508   11.29338  0.000e+00
     12.113     3.6467     3.6474  15.579406  15.581390    358.268    357.286     1.4395     0.0794     0.6221 2.9032e-01 4.3159e+02    15.7816    15.7834      0.327     78.417   54.15508   11.29338  0.000e+00
     12.154     3.6461     3.6490  15.577332  15.583155    358.266    357.269     1.4322     0.0794     0.6221 2.8925e-01 4.3159e+02    15.7796    15.7846      0.329     78.458   54.15508   11.29338  0.000e+00
     12.113     3.6432     3.6491  15.573985  15.583382    358.328    357.223     1.4102     0.0794     0.7052 2.8818e-01 4.3159e+02    15.7773    15.7848      0.329     78.500   54.15508   11.29338  0.000e+00
     12.155     3.6397     3.6469  15.571676  15.580394    358.395    357.252     1.3882     0.0781     0.7735 2.8712e-01 4.3159e+02    15.7765    15.7825      0.328     78.542   54.15508   11.29338  0.000e+00
     12.161     3.6379     3.6450  15.571205  15.577949    358.388    357.275     1.3882     0.0781     0.7858 2.8712e-01 4.3159e+02    15.7768    15.7808      0.331     78.583   54.15508   11.29338  0.000e+00
     12.155     3.6379     3.6439  15.571205  15.576817    358.361    357.286     1.3809     0.0781     0.7833 2.8606e-01 4.3159e+02    15.7768    15.7801      0.326     78.625   54.15508   11.29338  0.000e+00
     12.217     3.6385     3.6441  15.571488  15.577360    358.327    357.284     1.3589     0.0794     0.7125 2.8501e-01 4.3159e+02    15.7768    15.7806      0.326     78.667   54.15508   11.29338  0.000e+00
     12.203     3.6390     3.6442  15.571676  15.577768    358.286    357.279     1.3296     0.0794     0.6514 2.8395e-01 4.3159e+02    15.7768    15.7809      0.327     78.708   54.15508   11.29338  0.000e+00
     12.217     3.6387     3.6428  15.571582  15.575685    358.300    357.256     1.3296     0.0794     0.6368 2.8395e-01 4.3159e+02    15.7768    15.7793      0.327     78.750   54.15508   11.29338  0.000e+00
     12.251     3.6384     3.6404  15.571017  15.573014    358.314    357.284     1.3223     0.0794     0.6392 2.8290e-01 4.3159e+02    15.7763    15.7776      0.330     78.792   54.15508   11.29338  0.000e+00
     12.265     3.6376     3.6393  15.570215  15.572109    358.071    357.294     1.3003     0.0806     0.6881 2.8185e-01 4.3159e+02    15.7758    15.7771      0.330     78.833   54.15508   11.29338  0.000e+00
     12.203     3.6371     3.6403  15.570215  15.572290    358.290    357.278     1.2710     0.0806     0.7369 2.8185e-01 4.2963e+02    15.7761    15.7768      0.327     78.875   54.15508   11.29338  0.000e+00
     12.314     3.6375     3.6396  15.569886  15.572109    358.297    357.287     1.2710     0.0794     0.7491 2.8081e-01 4.2963e+02    15.7755    15.7769      0.327     78.917   54.15508   11.29338  0.000e+00
     12.251     3.6370     3.6394  15.569509  15.571883    358.301    357.282     1.2710     0.0794     0.7442 2.7977e-01 4.2963e+02    15.7754    15.7768      0.327     78.958   54.15508   11.29338  0.000e+00
     12.314     3.6364     3.6380  15.568896  15.570887    358.053    357.297     1.2710     0.0794     0.7003 2.7873e-01 4.2963e+02    15.7749    15.7763      0.326     79.000   54.15508   11.29338  0.000e+00
     12.307     3.6359     3.6372  15.568613  15.570344    358.269    357.303     1.2783     0.0794     0.6466 2.7769e-01 4.2963e+02    15.7749    15.7761      0.328     79.042   54.15508   11.29338  0.000e+00
     12.314     3.6360     3.6371  15.568896  15.570117    358.218    357.301     1.2783     0.0806     0.6343 2.7769e-01 4.2963e+02    15.7752    15.7759      0.324     79.083   54.15508   11.29338  0.000e+00
     12.355     3.6359     3.6366  15.569085  15.569574    358.166    357.306     1.2783     0.0794     0.6368 2.7666e-01 4.2963e+02    15.7754    15.7756      0.327     79.125   54.15508   11.29338  0.000e+00
     12.369     3.6362     3.6361  15.569320  15.569121    358.153    357.309     1.3369     0.0781     0.6368 2.7563e-01 4.2963e+02    15.7755    15.7753      0.326     79.167   54.15508   11.29338  0.000e+00
     12.307     3.6359     3.6366  15.568990  15.569936    357.884    357.296     1.4322     0.0794     0.6343 2.7460e-01 4.2963e+02    15.7753    15.7760      0.322     79.208   54.15508   11.29338  0.000e+00
     12.369     3.6351     3.6368  15.568378  15.571340    357.838    357.290     1.4615     0.0794     0.6343 2.7358e-01 4.2963e+02    15.7750    15.7774      0.324     79.250   54.15508   11.29338  0.000e+00
     12.459     3.6354     3.6375  15.568566  15.572426    357.781    357.281     1.4541     0.0794     0.6343 2.7358e-01 4.2767e+02    15.7750    15.7783      0.326     79.292   54.15508   11.29338  0.000e+00
