Data/basic_emb.cnv
* Sea-Bird SBE 9 Data File:
* FileName = C:\CTD\CTD_Data\EMB356\EMB356_011-01_CTD_0010.hex
* Software Version Seasave V 7.26.7.121
* Temperature SN = 5492
* Conductivity SN = 4497
* Number of Bytes Per Scan = 44
* Number of Voltage Words = 5
* Number of Scans Averaged by the Deck Unit = 1
* NMEA Latitude = 54 09.31 N
* NMEA Longitude = 011 17.60 E
* NMEA UTC (Time) = Feb 08 2024 08:31:25
* NMEA baud rate = 9600
** Cruise = EMB356
** Station = EMB356_11-1
** Platform = CTD
** Cast = 0010
** Operator = Johann Ruickoldt
** GPS_Time = 08.02.2024 08:30:10
** GPS_Lat = 54  9.308 N
** GPS_Lon = 11 17.587 E
** Echo_Depth =   25.7 m
** Air_Pressure = 1000.8 hPa
** WsStartID =   251
** Pos_Alias = TF0021
# nquan = 19
# nvalues = 3067                                  
# units = specified
# name 0 = prDM: Pressure, Digiquartz [db]
# name 1 = t090C: Temperature [ITS-90, deg C]
# name 2 = t190C: Temperature, 2 [ITS-90, deg C]
# name 3 = c0mS/cm: Conductivity [mS/cm]
# name 4 = c1mS/cm: Conductivity, 2 [mS/cm]
# name 5 = sbox0Mm/Kg: Oxygen, SBE 43 [umol/kg]
# name 6 = sbox1Mm/Kg: Oxygen, SBE 43, 2 [umol/kg]
# name 7 = flECO-AFL: Fluorescence, WET Labs ECO-AFL/FL [mg/m^3]
# name 8 = wetCDOM: Fluorescence, WET Labs CDOM [mg/m^3]
# name 9 = turbWETntu0: Turbidity, WET Labs ECO [NTU]
# name 10 = par: PAR/Irradiance, Biospherical/Licor
# name 11 = spar: SPAR, Biospherical/Licor
# name 12 = sal00: Salinity, Practical [PSU]
# name 13 = sal11: Salinity, Practical, 2 [PSU]
# name 14 = dz/dtM: Descent Rate [m/s]
# name 15 = timeS: Time, Elapsed [seconds]
# name 16 = latitude: Latitude [deg]
# name 17 = longitude: Longitude [deg]
# name 18 = flag:  0.000e+00
# span 0 =      1.045,     23.610                 
# span 1 =     3.5566,     3.7537                 
# span 2 =     3.5563,     3.7536                 
# span 3 =  15.326476,  17.783487                 
# span 4 =  15.326428,  17.782543                 
# span 5 =    345.130,    359.159                 
# span 6 =    345.601,    359.106                 
# span 7 =     1.0365,     2.2160                 
# span 8 =     0.0769,     0.0842                 
# span 9 =     0.4585,     3.8871                 
# span 10 = 4.5387e-02, 1.0321e+01                
# span 11 = 3.6685e+02, 4.9829e+02                
# span 12 =    15.5484,    18.1609                
# span 13 =    15.5487,    18.1600                
# span 14 =     -0.017,      0.350                
# span 15 =      0.000,    127.750                
# span 16 =   54.15502,   54.15510                
# span 17 =   11.29326,   11.29338                
# span 18 = 0.0000e+00, 0.0000e+00                
# interval = seconds: 0.0416667
# start_time = Feb 08 2024 08:31:24 [System UTC, first data scan.]
# bad_flag = -9.990e-29
*END*
[from data line 1143]
      2.657     3.5581     3.5584  15.326992  15.327374    357.997    358.400     1.2270     0.0781     0.5440 4.6350e+00 4.9633e+02    15.5492    15.5495      0.250     47.625   54.15508   11.29336  0.000e+00
      2.664     3.5580     3.5587  15.326711  15.327464    358.006    358.384     1.2344     0.0781     0.5416 4.6217e+00 4.9633e+02    15.5489    15.5494      0.244     47.667   54.15508   11.29336  0.000e+00
      2.713     3.5578     3.5585  15.326758  15.327735    358.017    358.374     1.2710     0.0794     0.5367 4.6217e+00 4.9633e+02    15.5491    15.5498      0.242     47.708   54.15508   11.29336  0.000e+00
      2.713     3.5580     3.5587  15.326664  15.327599    358.025    358.359     1.2856     0.0794     0.5342 4.6217e+00 4.9633e+02    15.5489    15.5496      0.242     47.750   54.15508   11.29336  0.000e+00
      2.657     3.5575     3.5585  15.326523  15.327284    358.039    358.346     1.2856     0.0806     0.5342 4.6350e+00 4.9633e+02    15.5490    15.5493      0.237     47.792   54.15508   11.29336  0.000e+00
      2.713     3.5569     3.5582  15.326570  15.327239    358.061    358.380     1.2930     0.0794     0.5416 4.6350e+00 4.9633e+02    15.5493    15.5494      0.238     47.833   54.15508   11.29336  0.000e+00
      2.768     3.5566     3.5579  15.326758  15.327059    358.081    358.132     1.3369     0.0806     0.5635 4.6350e+00 4.9633e+02    15.5496    15.5493      0.241     47.875   54.15508   11.29336  0.000e+00
      2.713     3.5575     3.5574  15.326946  15.327014    358.087    358.369     1.3516     0.0794     0.5733 4.6217e+00 4.9633e+02    15.5494    15.5495      0.239     47.917   54.15508   11.29336  0.000e+00
      2.809     3.5575     3.5572  15.326711  15.327059    358.112    358.367     1.3516     0.0794     0.5733 4.6085e+00 4.9633e+02    15.5491    15.5496      0.236     47.958   54.15508   11.29336  0.000e+00
      2.713     3.5577     3.5580  15.326805  15.327149    358.127    358.347     1.3442     0.0794     0.5660 4.5953e+00 4.9633e+02    15.5492    15.5494      0.234     48.000   54.15508   11.29336  0.000e+00
      2.816     3.5577     3.5585  15.326805  15.327600    358.155    358.338     1.3442     0.0806     0.5513 4.5821e+00 4.9633e+02    15.5492    15.5496      0.235     48.042   54.15508   11.29336  0.000e+00
      2.761     3.5575     3.5584  15.326805  15.327509    358.179    358.328     1.3442     0.0806     0.5464 4.5559e+00 4.9633e+02    15.5492    15.5496      0.231     48.083   54.15508   11.29336  0.000e+00
      2.816     3.5578     3.5579  15.326664  15.327239    358.207    358.328     1.3442     0.0794     0.5464 4.5299e+00 4.9633e+02    15.5489    15.5495      0.235     48.125   54.15508   11.29336  0.000e+00
      2.768     3.5577     3.5574  15.326899  15.327059    358.234    358.322     1.3296     0.0794     0.5489 4.4911e+00 4.9633e+02    15.5493    15.5495      0.233     48.167   54.15508   11.29336  0.000e+00
      2.865     3.5580     3.5568  15.326993  15.326428    358.526    358.326     1.2930     0.0794     0.5660 4.4654e+00 4.9633e+02    15.5492    15.5491      0.234     48.208   54.15508   11.29336  0.000e+00
      2.865     3.5584     3.5565  15.326993  15.326428    358.341    358.320     1.2783     0.0794     0.5757 4.4398e+00 4.9829e+02    15.5490    15.5493      0.238     48.250   54.15508   11.29336  0.000e+00
      2.816     3.5578     3.5566  15.327274  15.326428    358.376    358.308     1.2783     0.0794     0.5757 4.4144e+00 4.9829e+02    15.5496    15.5492      0.234     48.292   54.15508   11.29336  0.000e+00
      2.816     3.5590     3.5572  15.327602  15.326834    358.350    358.335     1.2710     0.0794     0.5806 4.3892e+00 4.9829e+02    15.5494    15.5494      0.233     48.333   54.15508   11.29336  0.000e+00
      2.865     3.5587     3.5574  15.327415  15.326744    358.391    358.370     1.2930     0.0818     0.6221 4.3641e+00 4.9829e+02    15.5493    15.5492      0.232     48.375   54.15508   11.29336  0.000e+00
      2.913     3.5589     3.5574  15.327462  15.326969    358.429    358.367     1.3003     0.0806     0.6417 4.3391e+00 4.9829e+02    15.5493    15.5494      0.237     48.417   54.15508   11.29336  0.000e+00
      2.913     3.5590     3.5577  15.327368  15.327149    358.466    358.359     1.3003     0.0781     0.6441 4.3143e+00 4.9829e+02    15.5491    15.5495      0.237     48.458   54.15508   11.29336  0.000e+00
      2.865     3.5586     3.5580  15.327368  15.327194    358.461    358.390     1.2930     0.0806     0.6392 4.2896e+00 4.9829e+02    15.5493    15.5494      0.240     48.500   54.15508   11.29336  0.000e+00
      2.962     3.5585     3.5585  15.327180  15.327510    358.459    358.427     1.2490     0.0806     0.6124 4.2406e+00 4.9829e+02    15.5491    15.5495      0.240     48.542   54.15508   11.29336  0.000e+00
      2.913     3.5585     3.5587  15.327133  15.327690    358.449    358.463     1.2197     0.0818     0.6002 4.2163e+00 4.9829e+02    15.5491    15.5496      0.243     48.583   54.15508   11.29336  0.000e+00
      2.968     3.5582     3.5585  15.327134  15.327735    358.446    358.467     1.2197     0.0806     0.5977 4.1801e+00 4.9829e+02    15.5492    15.5497      0.244     48.625   54.15508   11.29336  0.000e+00
      2.968     3.5590     3.5587  15.327556  15.327780    358.430    358.465     1.2124     0.0794     0.5977 4.1562e+00 4.9829e+02    15.5493    15.5497      0.248     48.667   54.15508   11.29336  0.000e+00
      2.962     3.5590     3.5587  15.327978  15.327600    358.420    358.507     1.2124     0.0794     0.5879 4.1205e+00 4.9829e+02    15.5497    15.5495      0.250     48.708   54.15508   11.29336  0.000e+00
      2.968     3.5590     3.5585  15.327509  15.327555    358.414    358.510     1.2124     0.0794     0.5831 4.0851e+00 4.9829e+02    15.5492    15.5495      0.250     48.750   54.15508   11.29336  0.000e+00
      2.968     3.5587     3.5585  15.327321  15.327600    358.410    358.512     1.2124     0.0794     0.5831 4.0617e+00 4.9829e+02    15.5492    15.5496      0.250     48.792   54.15508   11.29336  0.000e+00
      2.968     3.5585     3.5585  15.327180  15.327555    358.405    358.514     1.2124     0.0794     0.5831 4.0269e+00 4.9829e+02    15.5491    15.5495      0.252     48.833   54.15508   11.29336  0.000e+00
      3.065     3.5584     3.5587  15.326993  15.327600    358.144    358.518     1.2563     0.0781     0.6441 3.9923e+00 4.9829e+02    15.5489    15.5495      0.255     48.875   54.15508   11.29336  0.000e+00
      3.017     3.5586     3.5584  15.327134  15.327555    358.087    358.521     1.2856     0.0781     0.6807 3.9694e+00 4.9829e+02    15.5490    15.5496      0.259     48.917   54.15508   11.29336  0.000e+00
      3.065     3.5585     3.5584  15.327134  15.327690    358.089    358.524     1.2856     0.0806     0.6856 3.9353e+00 4.9829e+02    15.5491    15.5497      0.263     48.958   54.15508   11.29336  0.000e+00
      3.065     3.5589     3.5585  15.327134  15.327645    358.346    358.525     1.2856     0.0806     0.6807 3.9127e+00 4.9829e+02    15.5489    15.5496      0.262     49.000   54.15508   11.29336  0.000e+00
      2.913     3.5587     3.5580  15.327133  15.327555    358.342    358.524     1.2563     0.0806     0.5953 3.9015e+00 4.9829e+02    15.5490    15.5498      0.254     49.042   54.15508   11.29336  0.000e+00
      3.217     3.5587     3.5580  15.326899  15.327420    358.359    358.540     1.2417     0.0806     0.5391 3.8791e+00 4.9829e+02    15.5486    15.5495      0.269     49.083   54.15508   11.29336  0.000e+00
      3.065     3.5587     3.5584  15.327087  15.327555    358.353    358.531     1.2344     0.0794     0.5293 3.8680e+00 4.9829e+02    15.5489    15.5496      0.267     49.125   54.15508   11.29336  0.000e+00
      3.114     3.5585     3.5589  15.327274  15.327825    358.359    358.530     1.2270     0.0794     0.5318 3.8568e+00 4.9829e+02    15.5492    15.5496      0.270     49.167   54.15508   11.29336  0.000e+00
      3.121     3.5587     3.5591  15.327603  15.328276    358.358    358.528     1.2783     0.0794     0.5513 3.8458e+00 4.9829e+02    15.5494    15.5500      0.275     49.208   54.15508   11.29336  0.000e+00
      3.121     3.5589     3.5593  15.327697  15.328186    358.358    358.529     1.3149     0.0794     0.5660 3.8458e+00 4.9829e+02    15.5495    15.5498      0.275     49.250   54.15508   11.29336  0.000e+00
      3.121     3.5592     3.5593  15.327837  15.328051    358.357    358.531     1.3223     0.0794     0.5684 3.8458e+00 4.9829e+02    15.5495    15.5497      0.274     49.292   54.15508   11.29336  0.000e+00
      3.162     3.5590     3.5596  15.327603  15.328051    358.363    358.531     1.3223     0.0794     0.5660 3.8458e+00 4.9829e+02    15.5493    15.5495      0.278     49.333   54.15508   11.29336  0.000e+00
      3.169     3.5589     3.5595  15.327509  15.328006    358.108    358.535     1.2637     0.0794     0.5562 3.8347e+00 4.9829e+02    15.5492    15.5495      0.280     49.375   54.15508   11.29336  0.000e+00
      3.169     3.5586     3.5593  15.327415  15.327645    358.068    358.539     1.2124     0.0794     0.5513 3.8347e+00 4.9829e+02    15.5493    15.5492      0.281     49.417   54.15508   11.29336  0.000e+00
      3.217     3.5586     3.5591  15.327322  15.327555    358.289    358.545     1.2050     0.0794     0.5489 3.8237e+00 4.9829e+02    15.5492    15.5492      0.287     49.458   54.15508   11.29336  0.000e+00
      3.217     3.5586     3.5587  15.327884  15.327465    358.293    358.267     1.1977     0.0794     0.5489 3.8237e+00 4.9829e+02    15.5498    15.5493      0.288     49.500   54.15508   11.29336  0.000e+00
      3.121     3.5587     3.5590  15.328306  15.327645    358.340    358.507     1.2270     0.0794     0.5416 3.8127e+00 4.9829e+02    15.5502    15.5494      0.282     49.542   54.15508   11.29336  0.000e+00
      3.273     3.5590     3.5589  15.328260  15.327916    358.353    358.517     1.2563     0.0794     0.5367 3.7908e+00 4.9829e+02    15.5500    15.5497      0.290     49.583   54.15508   11.29336  0.000e+00
      3.314     3.5587     3.5587  15.327791  15.327510    358.367    358.525     1.2563     0.0794     0.5342 3.7799e+00 4.9829e+02    15.5496    15.5493      0.293     49.625   54.15508   11.29336  0.000e+00
      3.218     3.5592     3.5587  15.327415  15.327510    358.367    358.524     1.2563     0.0794     0.5342 3.7691e+00 4.9829e+02    15.5490    15.5493      0.291     49.667   54.15508   11.29336  0.000e+00
      3.273     3.5587     3.5585  15.327603  15.327465    358.381    358.532     1.2563     0.0781     0.5245 3.7474e+00 4.9829e+02    15.5494    15.5493      0.292     49.708   54.15508   11.29336  0.000e+00
      3.314     3.5589     3.5589  15.327697  15.327781    358.389    358.533     1.2710     0.0794     0.5122 3.7367e+00 4.9829e+02    15.5494    15.5495      0.296     49.750   54.15508   11.29336  0.000e+00
      3.273     3.5589     3.5593  15.327838  15.328276    358.394    358.529     1.2710     0.0806     0.5098 3.7152e+00 4.9829e+02    15.5496    15.5499      0.297     49.792   54.15508   11.29336  0.000e+00
      3.321     3.5587     3.5598  15.327885  15.328321    358.405    358.530     1.2710     0.0794     0.5098 3.7045e+00 4.9829e+02    15.5497    15.5497      0.295     49.833   54.15508   11.29336  0.000e+00
      3.321     3.5589     3.5595  15.328119  15.328231    358.411    358.537     1.2490     0.0806     0.5220 3.6939e+00 4.9829e+02    15.5499    15.5497      0.296     49.875   54.15508   11.29336  0.000e+00
      3.370     3.5595     3.5595  15.328354  15.328366    358.415    358.500     1.2270     0.0818     0.5416 3.6832e+00 4.9829e+02    15.5498    15.5499      0.301     49.917   54.15508   11.29336  0.000e+00
      3.370     3.5600     3.5595  15.328400  15.328321    358.418    358.502     1.2197     0.0794     0.5464 3.6621e+00 4.9829e+02    15.5496    15.5498      0.301     49.958   54.15508   11.29336  0.000e+00
      3.370     3.5599     3.5596  15.328260  15.328096    358.428    358.220     1.2197     0.0781     0.5464 3.6515e+00 4.9829e+02    15.5495    15.5495      0.305     50.000   54.15508   11.29336  0.000e+00
      3.314     3.5594     3.5593  15.327791  15.327645    358.439    358.185     1.2270     0.0769     0.5538 3.6410e+00 4.9829e+02    15.5493    15.5492      0.299     50.042   54.15508   11.29336  0.000e+00
      3.418     3.5592     3.5590  15.327697  15.327465    358.453    358.158     1.2344     0.0781     0.5684 3.6306e+00 4.9829e+02    15.5492    15.5491      0.304     50.083   54.15508   11.29336  0.000e+00
      3.418     3.5586     3.5587  15.327556  15.327510    358.467    358.128     1.2417     0.0806     0.5709 3.6201e+00 4.9829e+02    15.5494    15.5493      0.304     50.125   54.15508   11.29336  0.000e+00
      3.418     3.5589     3.5585  15.327369  15.327465    358.472    358.381     1.2417     0.0806     0.5733 3.5993e+00 4.9829e+02    15.5490    15.5493      0.306     50.167   54.15508   11.29336  0.000e+00
      3.418     3.5586     3.5585  15.327463  15.327105    358.483    358.391     1.2344     0.0794     0.5709 3.5786e+00 4.9829e+02    15.5493    15.5489      0.303     50.208   54.15508   11.29336  0.000e+00
      3.522     3.5586     3.5582  15.327416  15.327150    358.544    358.407     1.2050     0.0781     0.5733 3.5580e+00 4.9829e+02    15.5492    15.5491      0.311     50.250   54.15508   11.29336  0.000e+00
      3.418     3.5582     3.5582  15.327322  15.327105    358.552    358.410     1.1977     0.0781     0.5757 3.5478e+00 4.9829e+02    15.5493    15.5491      0.311     50.292   54.15508   11.29336  0.000e+00
      3.466     3.5583     3.5585  15.327040  15.327420    358.564    358.417     1.1977     0.0781     0.5733 3.5274e+00 4.9829e+02    15.5489    15.5492      0.310     50.333   54.15508   11.29336  0.000e+00
      3.473     3.5583     3.5585  15.327228  15.327826    358.574    358.141     1.2197     0.0794     0.5635 3.5071e+00 4.9633e+02    15.5491    15.5497      0.308     50.375   54.15508   11.29336  0.000e+00
      3.473     3.5586     3.5589  15.327181  15.327691    358.581    358.392     1.2710     0.0806     0.5367 3.4870e+00 4.9633e+02    15.5489    15.5494      0.306     50.417   54.15508   11.29336  0.000e+00
      3.522     3.5586     3.5584  15.327416  15.327285    358.593    358.410     1.2930     0.0806     0.5269 3.4769e+00 4.9633e+02    15.5492    15.5491      0.310     50.458   54.15508   11.29336  0.000e+00
      3.570     3.5586     3.5582  15.327510  15.327330    358.604    358.423     1.3003     0.0794     0.5269 3.4669e+00 4.9633e+02    15.5493    15.5493      0.314     50.500   54.15508   11.29336  0.000e+00
      3.418     3.5580     3.5582  15.327275  15.327420    358.613    358.142     1.2783     0.0781     0.5245 3.4569e+00 4.9633e+02    15.5493    15.5494      0.305     50.542   54.15508   11.29336  0.000e+00
      3.626     3.5581     3.5584  15.327275  15.327511    358.631    358.406     1.2344     0.0794     0.5147 3.4469e+00 4.9633e+02    15.5492    15.5494      0.313     50.583   54.15508   11.29336  0.000e+00
      3.570     3.5583     3.5584  15.327181  15.327916    358.637    358.414     1.2197     0.0794     0.5122 3.4370e+00 4.9633e+02    15.5491    15.5498      0.313     50.625   54.15508   11.29336  0.000e+00
      3.570     3.5585     3.5587  15.327134  15.327601    358.645    358.423     1.2197     0.0781     0.5122 3.4271e+00 4.9633e+02    15.5489    15.5493      0.314     50.667   54.15508   11.29336  0.000e+00
      3.522     3.5590     3.5585  15.327556  15.327646    358.646    358.434     1.2124     0.0781     0.5122 3.4172e+00 4.9633e+02    15.5491    15.5495      0.312     50.708   54.15508   11.29336  0.000e+00
      3.522     3.5595     3.5584  15.327838  15.327871    358.651    358.446     1.2050     0.0794     0.5122 3.4074e+00 4.9633e+02    15.5492    15.5498      0.307     50.750   54.15508   11.29336  0.000e+00
