Data/EMB295_003-01_CTD_0003.cnv
* Sea-Bird SBE 9 Data File:
* FileName = D:\processing\tests\data\EMB295_003-01_CTD_0003.hex
* Software Version Seasave V 7.26.7.121
* Temperature SN = 5261
* Conductivity SN = 4811
* Number of Bytes Per Scan = 48
* Number of Voltage Words = 5
* Number of Scans Averaged by the Deck Unit = 1
* NMEA Latitude = 57 18.99 N
* NMEA Longitude = 020 07.96 E
* NMEA UTC (Time) = Jul 04 2022  07:51:48
* NMEA baud rate = 9600
** Cruise = EMB295
** Station = EMB295_3-1
** Platform = CTD
** Cast = 0003
** Operator = Jan Donath
** GPS_Time = 04.07.2022 07:51:16
** GPS_Lat = 57 18.992 N
** GPS_Lon = 20  7.964 E
** Echo_Depth =  248.0 m
** Air_Pressure = 1014.5 hPa
** WsStartID =    76
** Pos_Alias = Gotland
# nquan = 19
# nvalues = 18592                                 
# units = specified
# name 0 = prDM: Pressure, Digiquartz [db]
# name 1 = t090C: Temperature [ITS-90, deg C]
# name 2 = t190C: Temperature, 2 [ITS-90, deg C]
# name 3 = c0mS/cm: Conductivity [mS/cm]
# name 4 = c1mS/cm: Conductivity, 2 [mS/cm]
# name 5 = sbox0Mm/Kg: Oxygen, SBE 43 [umol/kg]
# name 6 = sbox1Mm/Kg: Oxygen, SBE 43, 2 [umol/kg]
# name 7 = flECO-AFL: Fluorescence, WET Labs ECO-AFL/FL [mg/m^3]
# name 8 = wetCDOM: Fluorescence, WET Labs CDOM [mg/m^3]
# name 9 = turbWETntu0: Turbidity, WET Labs ECO [NTU]
# name 10 = par: PAR/Irradiance, Biospherical/Licor
# name 11 = spar: SPAR, Biospherical/Licor
# name 12 = sal00: Salinity, Practical [PSU]
# name 13 = sal11: Salinity, Practical, 2 [PSU]
# name 14 = dz/dtM: Descent Rate [m/s]
# name 15 = timeS: Time, Elapsed [seconds]
# name 16 = latitude: Latitude [deg]
# name 17 = longitude: Longitude [deg]
# name 18 = flag:  0.000e+00
# span 0 =      1.944,    238.021                 
# span 1 =     3.9880,    19.9337                 
# span 2 =     3.9872,    19.9320                 
# span 3 =   8.039529,  14.302581                 
# span 4 =   8.039995,  14.303167                 
# span 5 =     -0.064,    351.568                 
# span 6 =      0.687,    353.488                 
# span 7 =     0.2307,     4.6336                 
# span 8 =    27.6156,    55.8208                 
# span 9 =    -0.0079,     3.3572                 
# span 10 = 3.7612e-02, 2.2659e+01                
# span 11 = 1.7107e+03, 2.3090e+03                
# span 12 =     7.2536,    12.8846                
# span 13 =     7.2592,    12.8852                
# span 14 =     -0.033,      0.348                
# span 15 =      0.000,    774.625                
# span 16 =   57.31650,   57.31658                
# span 17 =   20.13258,   20.13274                
# span 18 = 0.0000e+00, 0.0000e+00                
# interval = seconds: 0.0416667
# start_time = Jul 04 2022 07:51:48 [NMEA time, first data scan]
# bad_flag = -9.990e-29
*END*
[from data line 18286]
    237.194     7.2198     7.2198  14.301810  14.302435      0.055      0.961     0.3992    51.6694     0.0678 3.8695e-02 2.2914e+03    12.8840    12.8846      0.104    761.917   57.31652   20.13258  0.000e+00
    237.298     7.2197     7.2198  14.301810  14.302564      0.242      0.715     0.3992    51.6694     0.0702 3.8695e-02 2.2914e+03    12.8840    12.8847      0.109    761.958   57.31652   20.13258  0.000e+00
    237.250     7.2198     7.2196  14.301810  14.302263      0.245      0.939     0.3772    51.6694     0.0654 3.9058e-02 2.2914e+03    12.8840    12.8845      0.108    762.000   57.31652   20.13258  0.000e+00
    237.278     7.2198     7.2196  14.301895  14.302349      0.223      0.943     0.3699    51.5473     0.0629 3.9058e-02 2.2914e+03    12.8840    12.8845      0.107    762.042   57.31652   20.13258  0.000e+00
    237.298     7.2197     7.2198  14.301938  14.302564      0.225      0.946     0.3626    51.5473     0.0629 3.9058e-02 2.2914e+03    12.8841    12.8847      0.108    762.083   57.31652   20.13258  0.000e+00
    237.250     7.2198     7.2200  14.301981  14.302607      0.227      0.950     0.3626    51.4252     0.0629 3.8695e-02 2.2914e+03    12.8841    12.8847      0.108    762.125   57.31652   20.13258  0.000e+00
    237.299     7.2201     7.2196  14.301981  14.302392      0.203      0.953     0.3552    51.3031     0.0556 3.9058e-02 2.2914e+03    12.8840    12.8846      0.106    762.167   57.31652   20.13258  0.000e+00
    237.299     7.2200     7.2196  14.301938  14.302521     -0.003      0.957     0.3992    51.4252     0.0580 3.9058e-02 2.2914e+03    12.8840    12.8847      0.108    762.208   57.31652   20.13258  0.000e+00
    237.347     7.2198     7.2200  14.302067  14.302607     -0.025      0.960     0.4285    51.4252     0.0629 3.9058e-02 2.2914e+03    12.8842    12.8847      0.112    762.250   57.31652   20.13258  0.000e+00
    237.250     7.2200     7.2195  14.302024  14.302349      0.161      0.963     0.4285    51.4252     0.0605 3.9058e-02 2.2914e+03    12.8841    12.8846      0.110    762.292   57.31652   20.13258  0.000e+00
    237.299     7.2198     7.2196  14.301724  14.302564      0.164      0.967     0.4065    51.4252     0.0507 3.8695e-02 2.2914e+03    12.8839    12.8847      0.107    762.333   57.31652   20.13258  0.000e+00
    237.347     7.2200     7.2200  14.301853  14.302478      0.167      0.970     0.3992    51.4252     0.0532 3.9058e-02 2.2933e+03    12.8839    12.8845      0.110    762.375   57.31652   20.13258  0.000e+00
    237.347     7.2197     7.2196  14.301938  14.302564      0.170      0.974     0.4065    51.4252     0.0605 3.9058e-02 2.2914e+03    12.8841    12.8847      0.112    762.417   57.31652   20.13258  0.000e+00
    237.250     7.2201     7.2196  14.301981  14.302607      0.173      0.977     0.4065    51.4252     0.0580 3.9058e-02 2.2914e+03    12.8840    12.8848      0.108    762.458   57.31652   20.13258  0.000e+00
    237.348     7.2200     7.2198  14.301853  14.302392     -0.031      0.980     0.3845    51.4252     0.0507 3.8695e-02 2.2914e+03    12.8839    12.8845      0.109    762.500   57.31652   20.13258  0.000e+00
    237.375     7.2198     7.2196  14.302024  14.302392      0.156      0.984     0.3845    51.4252     0.0556 3.8695e-02 2.2933e+03    12.8841    12.8846      0.114    762.542   57.31652   20.13258  0.000e+00
    237.299     7.2198     7.2196  14.302110  14.302435      0.160      0.987     0.3772    51.4252     0.0580 3.9058e-02 2.2914e+03    12.8842    12.8846      0.111    762.583   57.31652   20.13258  0.000e+00
    237.348     7.2198     7.2198  14.302024  14.302564      0.164      0.991     0.3772    51.9136     0.0580 3.9058e-02 2.2914e+03    12.8841    12.8847      0.108    762.625   57.31652   20.13258  0.000e+00
    237.348     7.2200     7.2196  14.301853  14.302521      0.168      0.994     0.3626    52.7683     0.0507 3.9058e-02 2.2914e+03    12.8839    12.8847      0.110    762.667   57.31652   20.13258  0.000e+00
    237.403     7.2198     7.2198  14.301896  14.302306      0.172      0.998     0.3845    53.0125     0.0654 3.8695e-02 2.2914e+03    12.8840    12.8844      0.115    762.708   57.31652   20.13258  0.000e+00
    237.299     7.2198     7.2195  14.301938  14.302521      0.176      1.001     0.4065    53.0125     0.0751 3.8695e-02 2.2914e+03    12.8841    12.8848      0.103    762.750   57.31652   20.13258  0.000e+00
    237.348     7.2200     7.2196  14.301981  14.302607     -0.027      1.004     0.4065    53.0125     0.0727 3.9058e-02 2.2914e+03    12.8840    12.8848      0.112    762.792   57.31652   20.13258  0.000e+00
    237.404     7.2200     7.2200  14.301853  14.302521      0.186      1.008     0.3845    53.0125     0.0654 3.9058e-02 2.2933e+03    12.8839    12.8846      0.112    762.833   57.31652   20.13258  0.000e+00
    237.299     7.2197     7.2196  14.302024  14.302564      0.192      1.011     0.3919    53.0125     0.0532 3.9058e-02 2.2933e+03    12.8842    12.8847      0.108    762.875   57.31652   20.13258  0.000e+00
    237.404     7.2198     7.2198  14.301981  14.302478      0.199      1.015     0.3919    53.0125     0.0483 3.8695e-02 2.2914e+03    12.8841    12.8846      0.110    762.917   57.31652   20.13258  0.000e+00
    237.348     7.2198     7.2196  14.301981  14.302564     -0.003      0.990     0.3919    53.0125     0.0483 3.8695e-02 2.2933e+03    12.8841    12.8847      0.111    762.958   57.31652   20.13258  0.000e+00
    237.404     7.2198     7.2196  14.301981  14.302521      0.187      0.992     0.3772    53.0125     0.0409 3.9058e-02 2.2933e+03    12.8841    12.8847      0.112    763.000   57.31652   20.13258  0.000e+00
    237.376     7.2198     7.2198  14.301810  14.302435      0.195      0.746     0.3919    53.0125     0.0507 3.9058e-02 2.2933e+03    12.8839    12.8846      0.108    763.042   57.31652   20.13258  0.000e+00
    237.348     7.2200     7.2196  14.301896  14.302177      0.202      0.970     0.4065    53.0125     0.0605 3.8695e-02 2.2933e+03    12.8840    12.8844      0.110    763.083   57.31652   20.13258  0.000e+00
    237.452     7.2200     7.2196  14.301981  14.302349      0.209      0.974     0.4138    53.0125     0.0605 3.8695e-02 2.2933e+03    12.8840    12.8845      0.108    763.125   57.31652   20.13258  0.000e+00
    237.404     7.2198     7.2196  14.301853  14.302478      0.216      0.977     0.3919    52.7683     0.0507 3.9058e-02 2.2933e+03    12.8840    12.8846      0.113    763.167   57.31652   20.13258  0.000e+00
    237.404     7.2198     7.2198  14.301767  14.302564      0.223      0.980     0.3992    52.2799     0.0605 3.9058e-02 2.2933e+03    12.8839    12.8847      0.114    763.208   57.31652   20.13258  0.000e+00
    237.404     7.2198     7.2198  14.301767  14.302607      0.230      0.984     0.4065    52.1578     0.0702 3.8695e-02 2.2933e+03    12.8839    12.8847      0.111    763.250   57.31652   20.13258  0.000e+00
    237.453     7.2198     7.2198  14.302067  14.302607      0.237      0.987     0.4065    52.0357     0.0702 3.8695e-02 2.2933e+03    12.8842    12.8847      0.114    763.292   57.31652   20.13258  0.000e+00
    237.404     7.2200     7.2198  14.302152  14.302478      0.244      0.991     0.3919    52.1578     0.0629 3.8695e-02 2.2933e+03    12.8842    12.8846      0.110    763.333   57.31652   20.13258  0.000e+00
    237.453     7.2198     7.2198  14.301981  14.302478      0.251      0.994     0.3992    52.1578     0.0702 3.9058e-02 2.2933e+03    12.8841    12.8846      0.115    763.375   57.31652   20.13258  0.000e+00
    237.453     7.2198     7.2198  14.301938  14.302564      0.025      0.998     0.4065    52.1578     0.0751 3.9058e-02 2.2933e+03    12.8840    12.8846      0.116    763.417   57.31652   20.13258  0.000e+00
    237.453     7.2200     7.2196  14.301724  14.302693      0.008      1.001     0.4138    52.1578     0.0751 3.9058e-02 2.2933e+03    12.8838    12.8848      0.116    763.458   57.31652   20.13258  0.000e+00
    237.453     7.2197     7.2195  14.301896  14.302607      0.200      1.004     0.3919    52.1578     0.0654 3.9058e-02 2.2933e+03    12.8841    12.8848      0.116    763.500   57.31652   20.13258  0.000e+00
    237.453     7.2200     7.2198  14.302067  14.302392      0.208      1.008     0.3772    52.1578     0.0605 3.8695e-02 2.2933e+03    12.8841    12.8845      0.118    763.542   57.31652   20.13258  0.000e+00
    237.432     7.2197     7.2196  14.301981  14.302392      0.216      1.011     0.3772    52.1578     0.0605 3.8695e-02 2.2933e+03    12.8841    12.8845      0.117    763.583   57.31652   20.13258  0.000e+00
    237.502     7.2200     7.2196  14.301853  14.302564      0.224      1.015     0.3772    52.1578     0.0605 3.9058e-02 2.2933e+03    12.8839    12.8847      0.122    763.625   57.31652   20.13258  0.000e+00
    237.405     7.2198     7.2196  14.301938  14.302607      0.232      1.018     0.3552    52.1578     0.0556 3.9058e-02 2.2933e+03    12.8841    12.8848      0.116    763.667   57.31652   20.13258  0.000e+00
    237.502     7.2198     7.2196  14.301810  14.302650      0.240      0.993     0.3772    51.9136     0.0556 3.8695e-02 2.2933e+03    12.8839    12.8848      0.120    763.708   57.31652   20.13258  0.000e+00
    237.405     7.2198     7.2196  14.301767  14.302607      0.248      0.995     0.3992    51.0589     0.0580 3.8695e-02 2.2933e+03    12.8839    12.8848      0.116    763.750   57.31652   20.13258  0.000e+00
    237.502     7.2199     7.2196  14.301810  14.302693      0.256      0.749     0.3992    50.6926     0.0580 3.9058e-02 2.2933e+03    12.8839    12.8848      0.119    763.792   57.31652   20.13258  0.000e+00
    237.453     7.2198     7.2198  14.301938  14.302736      0.264      0.974     0.3919    50.6926     0.0532 3.9058e-02 2.2933e+03    12.8840    12.8848      0.114    763.833   57.31652   20.13258  0.000e+00
    237.453     7.2198     7.2198  14.302067  14.302564      0.065      0.977     0.3919    50.6926     0.0556 3.9058e-02 2.2933e+03    12.8842    12.8846      0.115    763.875   57.31652   20.13258  0.000e+00
    237.502     7.2200     7.2196  14.301981  14.302435      0.257      0.981     0.3992    50.8147     0.0580 3.8695e-02 2.2933e+03    12.8840    12.8846      0.116    763.917   57.31652   20.13258  0.000e+00
    237.502     7.2198     7.2200  14.301981  14.302779      0.241      0.984     0.4065    50.8147     0.0605 3.9058e-02 2.2914e+03    12.8841    12.8848      0.112    763.958   57.31652   20.13258  0.000e+00
    237.502     7.2198     7.2195  14.301981  14.302650      0.249      0.959     0.3845    50.8147     0.0580 3.9058e-02 2.2914e+03    12.8841    12.8848      0.114    764.000   57.31652   20.13258  0.000e+00
    237.454     7.2198     7.2198  14.301938  14.302521      0.257      0.961     0.3845    50.8147     0.0532 3.9058e-02 2.2914e+03    12.8840    12.8846      0.110    764.042   57.31652   20.13258  0.000e+00
    237.530     7.2201     7.2198  14.301939  14.302435      0.265      0.963     0.3919    50.8147     0.0556 3.9058e-02 2.2914e+03    12.8839    12.8845      0.112    764.083   57.31652   20.13258  0.000e+00
    237.502     7.2194     7.2196  14.301981  14.302564      0.273      0.966     0.3919    50.8147     0.0580 3.8695e-02 2.2914e+03    12.8842    12.8847      0.113    764.125   57.31652   20.13258  0.000e+00
    237.558     7.2197     7.2196  14.302110  14.302349      0.281      0.968     0.3845    50.8147     0.0532 3.9058e-02 2.2914e+03    12.8842    12.8845      0.113    764.167   57.31652   20.13258  0.000e+00
    237.502     7.2198     7.2196  14.301981  14.302435      0.289      0.970     0.3845    50.8147     0.0532 3.9058e-02 2.2914e+03    12.8841    12.8846      0.112    764.208   57.31652   20.13258  0.000e+00
    237.558     7.2198     7.2198  14.302324  14.302306      0.272      0.973     0.3845    50.8147     0.0605 3.9058e-02 2.2914e+03    12.8844    12.8844      0.114    764.250   57.31652   20.13258  0.000e+00
    237.558     7.2197     7.2196  14.302238  14.302392      0.254      0.975     0.3845    52.0357     0.0629 3.8695e-02 2.2914e+03    12.8844    12.8845      0.119    764.292   57.31652   20.13258  0.000e+00
    237.558     7.2198     7.2196  14.301767  14.302435      0.260      0.977     0.3772    52.7683     0.0580 3.8695e-02 2.2914e+03    12.8839    12.8846      0.117    764.333   57.31652   20.13258  0.000e+00
    237.503     7.2197     7.2196  14.301981  14.302607      0.266      0.979     0.3699    52.7683     0.0556 3.9058e-02 2.2914e+03    12.8841    12.8847      0.114    764.375   57.31652   20.13258  0.000e+00
    237.558     7.2198     7.2200  14.301853  14.302478      0.272      0.982     0.3772    52.7683     0.0532 3.9058e-02 2.2914e+03    12.8839    12.8845      0.117    764.417   57.31652   20.13258  0.000e+00
    237.558     7.2197     7.2196  14.302067  14.302650      0.071      0.984     0.3772    52.7683     0.0532 3.9058e-02 2.2914e+03    12.8842    12.8848      0.119    764.458   57.31652   20.13258  0.000e+00
    237.503     7.2198     7.2198  14.302024  14.302607      0.054      0.986     0.3699    52.7683     0.0458 3.9058e-02 2.2914e+03    12.8841    12.8847      0.111    764.500   57.31652   20.13258  0.000e+00
    237.558     7.2200     7.2198  14.302067  14.302650      0.220      0.989     0.3626    52.7683     0.0409 3.9058e-02 2.2914e+03    12.8841    12.8847      0.113    764.542   57.31652   20.13258  0.000e+00
    237.558     7.2200     7.2198  14.301981  14.302478      0.227      1.239     0.3699    52.7683     0.0385 3.9058e-02 2.2914e+03    12.8840    12.8845      0.115    764.583   57.31652   20.13258  0.000e+00
    237.586     7.2197     7.2198  14.302110  14.302564      0.234      1.019     0.3699    52.7683     0.0385 3.9058e-02 2.2914e+03    12.8842    12.8846      0.114    764.625   57.31652   20.13258  0.000e+00
    237.503     7.2201     7.2198  14.302024  14.302607      0.241      1.020     0.3626    52.7683     0.0361 3.9058e-02 2.2914e+03    12.8840    12.8847      0.110    764.667   57.31652   20.13258  0.000e+00
    237.607     7.2202     7.2196  14.301939  14.302650      0.248      1.022     0.3626    52.7683     0.0409 3.8695e-02 2.2914e+03    12.8839    12.8848      0.112    764.708   57.31652   20.13258  0.000e+00
    237.558     7.2198     7.2196  14.301939  14.302478      0.255      1.023     0.3772    52.7683     0.0532 3.8695e-02 2.2914e+03    12.8840    12.8846      0.114    764.750   57.31652   20.13258  0.000e+00
    237.559     7.2198     7.2198  14.301981  14.302564      0.055      1.024     0.3919    52.7683     0.0580 3.9058e-02 2.2914e+03    12.8841    12.8846      0.109    764.792   57.31652   20.13258  0.000e+00
    237.607     7.2200     7.2196  14.302067  14.302693      0.013      1.025     0.3772    52.0357     0.0556 3.9058e-02 2.2914e+03    12.8841    12.8848      0.109    764.833   57.31652   20.13258  0.000e+00
    237.607     7.2198     7.2198  14.301853  14.302693      0.205      1.026     0.3772    51.5473     0.0532 3.9058e-02 2.2894e+03    12.8839    12.8847      0.112    764.875   57.31652   20.13258  0.000e+00
    237.607     7.2197     7.2196  14.302067  14.302607      0.213      1.027     0.3919    51.5473     0.0556 3.8695e-02 2.2914e+03    12.8842    12.8847      0.108    764.917   57.31652   20.13258  0.000e+00
    237.607     7.2198     7.2196  14.302024  14.302693      0.221      1.028     0.3919    51.4252     0.0580 3.8695e-02 2.2914e+03    12.8841    12.8848      0.110    764.958   57.31652   20.13258  0.000e+00
    237.607     7.2197     7.2196  14.302067  14.302865      0.204      1.030     0.3845    51.5473     0.0532 3.9058e-02 2.2914e+03    12.8842    12.8850      0.108    765.000   57.31652   20.13258  0.000e+00
