Data/EMB295_003-01_CTD_0003.cnv
* Sea-Bird SBE 9 Data File:
* FileName = D:\processing\tests\data\EMB295_003-01_CTD_0003.hex
* Software Version Seasave V 7.26.7.121
* Temperature SN = 5261
* Conductivity SN = 4811
* Number of Bytes Per Scan = 48
* Number of Voltage Words = 5
* Number of Scans Averaged by the Deck Unit = 1
* NMEA Latitude = 57 18.99 N
* NMEA Longitude = 020 07.96 E
* NMEA UTC (Time) = Jul 04 2022  07:51:48
* NMEA baud rate = 9600
** Cruise = EMB295
** Station = EMB295_3-1
** Platform = CTD
** Cast = 0003
** Operator = Jan Donath
** GPS_Time = 04.07.2022 07:51:16
** GPS_Lat = 57 18.992 N
** GPS_Lon = 20  7.964 E
** Echo_Depth =  248.0 m
** Air_Pressure = 1014.5 hPa
** WsStartID =    76
** Pos_Alias = Gotland
# nquan = 19
# nvalues = 18592                                 
# units = specified
# name 0 = prDM: Pressure, Digiquartz [db]
# name 1 = t090C: Temperature [ITS-90, deg C]
# name 2 = t190C: Temperature, 2 [ITS-90, deg C]
# name 3 = c0mS/cm: Conductivity [mS/cm]
# name 4 = c1mS/cm: Conductivity, 2 [mS/cm]
# name 5 = sbox0Mm/Kg: Oxygen, SBE 43 [umol/kg]
# name 6 = sbox1Mm/Kg: Oxygen, SBE 43, 2 [umol/kg]
# name 7 = flECO-AFL: Fluorescence, WET Labs ECO-AFL/FL [mg/m^3]
# name 8 = wetCDOM: Fluorescence, WET Labs CDOM [mg/m^3]
# name 9 = turbWETntu0: Turbidity, WET Labs ECO [NTU]
# name 10 = par: PAR/Irradiance, Biospherical/Licor
# name 11 = spar: SPAR, Biospherical/Licor
# name 12 = sal00: Salinity, Practical [PSU]
# name 13 = sal11: Salinity, Practical, 2 [PSU]
# name 14 = dz/dtM: Descent Rate [m/s]
# name 15 = timeS: Time, Elapsed [seconds]
# name 16 = latitude: Latitude [deg]
# name 17 = longitude: Longitude [deg]
# name 18 = flag:  0.000e+00
# span 0 =      1.944,    238.021                 
# span 1 =     3.9880,    19.9337                 
# span 2 =     3.9872,    19.9320                 
# span 3 =   8.039529,  14.302581                 
# span 4 =   8.039995,  14.303167                 
# span 5 =     -0.064,    351.568                 
# span 6 =      0.687,    353.488                 
# span 7 =     0.2307,     4.6336                 
# span 8 =    27.6156,    55.8208                 
# span 9 =    -0.0079,     3.3572                 
# span 10 = 3.7612e-02, 2.2659e+01                
# span 11 = 1.7107e+03, 2.3090e+03                
# span 12 =     7.2536,    12.8846                
# span 13 =     7.2592,    12.8852                
# span 14 =     -0.033,      0.348                
# span 15 =      0.000,    774.625                
# span 16 =   57.31650,   57.31658                
# span 17 =   20.13258,   20.13274                
# span 18 = 0.0000e+00, 0.0000e+00                
# interval = seconds: 0.0416667
# start_time = Jul 04 2022 07:51:48 [NMEA time, first data scan]
# bad_flag = -9.990e-29
*END*
[from data line 305]
      2.603    19.9157    19.9194  11.389554  11.390939    312.130    312.418     1.5347    28.3482     0.5757 1.6008e+01 2.2717e+03     7.2614     7.2617      0.180     12.708   57.31658   20.13274  0.000e+00
      2.651    19.9155    19.9186  11.389514  11.390898    312.266    312.411     1.5420    28.3482     0.5757 1.6053e+01 2.2717e+03     7.2614     7.2618      0.180     12.750   57.31658   20.13274  0.000e+00
      2.603    19.9157    19.9183  11.389514  11.390777    312.113    312.386     1.4834    28.3482     0.5513 1.6008e+01 2.2717e+03     7.2613     7.2618      0.177     12.792   57.31658   20.13274  0.000e+00
      2.651    19.9153    19.9170  11.389635  11.390374    312.098    312.193     1.5713    28.3482     0.7320 1.6008e+01 2.2717e+03     7.2615     7.2617      0.179     12.833   57.31658   20.13274  0.000e+00
      2.658    19.9155    19.9155  11.389675  11.390172    312.238    312.177     1.6593    28.3482     0.8810 1.6008e+01 2.2717e+03     7.2615     7.2618      0.180     12.875   57.31658   20.13274  0.000e+00
      2.707    19.9155    19.9148  11.389675  11.389930    312.088    312.159     1.6886    28.3482     0.9054 1.5963e+01 2.2717e+03     7.2615     7.2618      0.181     12.917   57.31658   20.13274  0.000e+00
      2.651    19.9160    19.9142  11.389916  11.390092    312.072    312.136     1.6300    28.3482     0.8785 1.5918e+01 2.2717e+03     7.2616     7.2620      0.179     12.958   57.31658   20.13274  0.000e+00
      2.755    19.9171    19.9150  11.390277  11.390051    312.198    312.112     1.5713    28.3482     0.6807 1.5918e+01 2.2717e+03     7.2616     7.2618      0.184     13.000   57.31658   20.13274  0.000e+00
      2.700    19.9190    19.9150  11.390959  11.390011    312.032    312.086     1.5567    28.3482     0.5269 1.5918e+01 2.2717e+03     7.2618     7.2618      0.190     13.042   57.31658   20.13274  0.000e+00
      2.755    19.9202    19.9152  11.391401  11.390253    312.014    312.064     1.5567    28.3482     0.5000 1.5828e+01 2.2717e+03     7.2619     7.2619      0.189     13.083   57.31658   20.13274  0.000e+00
      2.651    19.9213    19.9157  11.391561  11.390213    311.990    312.035     1.5127    28.3482     0.4903 1.5739e+01 2.2717e+03     7.2618     7.2618      0.184     13.125   57.31658   20.13274  0.000e+00
      2.755    19.9223    19.9157  11.391923  11.390253    311.974    312.017     1.5201    28.3482     0.5122 1.5562e+01 2.2717e+03     7.2619     7.2618      0.187     13.167   57.31658   20.13274  0.000e+00
      2.755    19.9241    19.9148  11.392043  11.390051    311.950    312.001     1.5567    28.3482     0.5440 1.5430e+01 2.2717e+03     7.2616     7.2619      0.190     13.208   57.31658   20.13274  0.000e+00
      2.797    19.9251    19.9152  11.392043  11.390132    312.082    311.991     1.5713    28.3482     0.5562 1.5257e+01 2.2717e+03     7.2615     7.2618      0.194     13.250   57.31658   20.13274  0.000e+00
      2.859    19.9255    19.9172  11.392244  11.390697    312.076    311.960     1.5347    28.3482     0.5367 1.5085e+01 2.2717e+03     7.2615     7.2619      0.203     13.292   57.31658   20.13274  0.000e+00
      2.748    19.9260    19.9188  11.392444  11.390777    311.912    311.939     1.5347    28.4703     0.5416 1.4915e+01 2.2717e+03     7.2616     7.2617      0.199     13.333   57.31658   20.13274  0.000e+00
      2.810    19.9260    19.9204  11.392364  11.390979    311.898    311.924     1.5787    28.4703     0.5611 1.4706e+01 2.2717e+03     7.2615     7.2615      0.203     13.375   57.31658   20.13274  0.000e+00
      2.748    19.9262    19.9205  11.392083  11.391302    311.888    311.736     1.5933    28.4703     0.5660 1.4540e+01 2.2717e+03     7.2613     7.2617      0.200     13.417   57.31658   20.13274  0.000e+00
      2.859    19.9256    19.9193  11.392043  11.391141    312.028    311.732     1.5567    28.4703     0.5562 1.4417e+01 2.2717e+03     7.2614     7.2618      0.208     13.458   57.31658   20.13274  0.000e+00
      2.811    19.9249    19.9185  11.391441  11.390818    312.033    311.899     1.6007    28.4703     0.7760 1.4255e+01 2.2717e+03     7.2611     7.2617      0.210     13.500   57.31658   20.13274  0.000e+00
      2.900    19.9225    19.9181  11.390598  11.389971    311.902    311.725     1.7105    28.4703     1.0763 1.4135e+01 2.2717e+03     7.2609     7.2612      0.215     13.542   57.31658   20.13274  0.000e+00
      2.907    19.9200    19.9178  11.390076  11.389931    311.909    311.715     1.7398    28.4703     1.1521 1.4015e+01 2.2717e+03     7.2610     7.2612      0.220     13.583   57.31658   20.13274  0.000e+00
      2.852    19.9183    19.9177  11.389835  11.390455    312.048    311.701     1.7105    28.4703     1.1374 1.3897e+01 2.2717e+03     7.2611     7.2616      0.223     13.625   57.31658   20.13274  0.000e+00
      2.859    19.9185    19.9179  11.390036  11.390616    312.048    311.702     1.6446    28.4703     0.9176 1.3779e+01 2.2717e+03     7.2612     7.2617      0.226     13.667   57.31658   20.13274  0.000e+00
      2.907    19.9181    19.9177  11.389996  11.390697    311.902    311.697     1.6007    28.4703     0.6124 1.3663e+01 2.2717e+03     7.2612     7.2618      0.228     13.708   57.31658   20.13274  0.000e+00
      2.900    19.9179    19.9171  11.390157  11.390657    311.893    311.706     1.6007    28.4703     0.5269 1.3586e+01 2.2717e+03     7.2614     7.2619      0.231     13.750   57.31658   20.13274  0.000e+00
      2.956    19.9183    19.9167  11.390478  11.390495    311.733    311.717     1.5713    28.4703     0.5269 1.3471e+01 2.2717e+03     7.2615     7.2618      0.239     13.792   57.31658   20.13274  0.000e+00
      2.901    19.9192    19.9170  11.390678  11.390576    311.857    311.722     1.5420    28.5924     0.5000 1.3395e+01 2.2717e+03     7.2615     7.2618      0.240     13.833   57.31658   20.13274  0.000e+00
      2.956    19.9202    19.9186  11.390719  11.390939    311.695    311.713     1.5640    28.8366     0.4585 1.3282e+01 2.2717e+03     7.2614     7.2618      0.242     13.875   57.31658   20.13274  0.000e+00
      3.004    19.9198    19.9216  11.390719  11.391786    311.680    311.697     1.5787    28.8366     0.4488 1.3132e+01 2.2717e+03     7.2614     7.2619      0.247     13.917   57.31658   20.13274  0.000e+00
      2.956    19.9190    19.9235  11.390357  11.392391    311.665    311.696     1.5567    28.8366     0.4439 1.3021e+01 2.2717e+03     7.2613     7.2620      0.250     13.958   57.31658   20.13274  0.000e+00
      2.956    19.9183    19.9235  11.390157  11.392149    311.652    311.700     1.5347    28.8366     0.4561 1.2947e+01 2.2717e+03     7.2613     7.2618      0.249     14.000   57.31658   20.13274  0.000e+00
      3.004    19.9179    19.9233  11.390197  11.391948    311.649    311.720     1.5713    28.8366     0.5122 1.2911e+01 2.2717e+03     7.2614     7.2617      0.254     14.042   57.31658   20.13274  0.000e+00
      3.011    19.9180    19.9244  11.390357  11.392351    311.642    311.720     1.5860    28.8366     0.5269 1.2874e+01 2.2717e+03     7.2615     7.2618      0.260     14.083   57.31658   20.13274  0.000e+00
      3.101    19.9179    19.9245  11.390398  11.392674    311.641    311.730     1.5787    28.8366     0.5220 1.2802e+01 2.2717e+03     7.2615     7.2620      0.267     14.125   57.31658   20.13274  0.000e+00
      3.060    19.9185    19.9237  11.390639  11.392553    311.481    311.743     1.5420    28.8366     0.4976 1.2729e+01 2.2698e+03     7.2616     7.2620      0.270     14.167   57.31658   20.13274  0.000e+00
      3.053    19.9190    19.9230  11.390799  11.392069    311.615    311.759     1.5933    28.8366     0.4854 1.2658e+01 2.2698e+03     7.2616     7.2618      0.272     14.208   57.31658   20.13274  0.000e+00
      3.108    19.9193    19.9225  11.390960  11.391948    311.602    311.599     1.6080    28.8366     0.4829 1.2586e+01 2.2698e+03     7.2617     7.2618      0.279     14.250   57.31658   20.13274  0.000e+00
      3.011    19.9201    19.9232  11.390879  11.391948    311.592    311.594     1.6080    28.8366     0.4829 1.2550e+01 2.2698e+03     7.2615     7.2617      0.278     14.292   57.31658   20.13274  0.000e+00
      3.101    19.9202    19.9240  11.390839  11.392149    311.444    311.597     1.5640    28.8366     0.4756 1.2515e+01 2.2698e+03     7.2614     7.2617      0.279     14.333   57.31658   20.13274  0.000e+00
      3.163    19.9193    19.9238  11.390518  11.392351    311.592    311.596     1.6080    28.5924     0.5245 1.2444e+01 2.2698e+03     7.2614     7.2619      0.288     14.375   57.31658   20.13274  0.000e+00
      3.156    19.9190    19.9244  11.390398  11.392472    311.594    311.767     1.6226    27.8598     0.5464 1.2444e+01 2.2698e+03     7.2613     7.2618      0.289     14.417   57.31658   20.13274  0.000e+00
      3.212    19.9186    19.9237  11.390518  11.392391    311.600    311.604     1.6226    27.6156     0.5464 1.2444e+01 2.2698e+03     7.2615     7.2619      0.295     14.458   57.31658   20.13274  0.000e+00
      3.157    19.9183    19.9232  11.390317  11.392190    311.602    311.605     1.5787    27.6156     0.5586 1.2444e+01 2.2698e+03     7.2614     7.2619      0.299     14.500   57.31658   20.13274  0.000e+00
      3.212    19.9169    19.9228  11.390157  11.391988    311.616    311.609     1.6519    27.6156     0.6930 1.2444e+01 2.2698e+03     7.2615     7.2618      0.302     14.542   57.31658   20.13274  0.000e+00
      3.163    19.9167    19.9223  11.390318  11.391827    311.608    311.613     1.6886    27.6156     0.7467 1.2444e+01 2.2698e+03     7.2617     7.2618      0.303     14.583   57.31658   20.13274  0.000e+00
      3.205    19.9172    19.9221  11.390759  11.391665    311.601    311.619     1.6812    27.6156     0.7516 1.2444e+01 2.2698e+03     7.2619     7.2617      0.305     14.625   57.31658   20.13274  0.000e+00
      3.260    19.9183    19.9237  11.390839  11.392190    311.602    311.615     1.6226    27.6156     0.8615 1.2444e+01 2.2698e+03     7.2618     7.2618      0.309     14.667   57.31658   20.13274  0.000e+00
      3.302    19.9185    19.9249  11.390599  11.392593    311.609    311.793     1.6373    27.6156     1.5574 1.2409e+01 2.2698e+03     7.2616     7.2618      0.318     14.708   57.31658   20.13274  0.000e+00
      3.212    19.9183    19.9253  11.390558  11.392674    311.753    311.627     1.6519    27.6156     1.8700 1.2374e+01 2.2698e+03     7.2616     7.2618      0.316     14.750   57.31658   20.13274  0.000e+00
      3.302    19.9188    19.9259  11.390679  11.393118    311.619    311.635     1.6519    27.6156     1.8920 1.2339e+01 2.2698e+03     7.2615     7.2620      0.321     14.792   57.31658   20.13274  0.000e+00
      3.164    19.9204    19.9260  11.391361  11.393077    311.602    311.639     1.5860    27.6156     1.7259 1.2269e+01 2.2698e+03     7.2618     7.2620      0.314     14.833   57.31658   20.13274  0.000e+00
      3.364    19.9223    19.9259  11.391843  11.392755    311.596    311.647     1.5713    27.6156     0.9372 1.2200e+01 2.2698e+03     7.2618     7.2618      0.319     14.875   57.31658   20.13274  0.000e+00
      3.405    19.9240    19.9256  11.392204  11.392674    311.596    311.651     1.5713    27.7377     0.5709 1.2165e+01 2.2698e+03     7.2617     7.2618      0.326     14.917   57.31658   20.13274  0.000e+00
      3.260    19.9248    19.9244  11.392084  11.392311    311.435    311.654     1.5713    28.4703     0.5367 1.2063e+01 2.2698e+03     7.2615     7.2617      0.326     14.958   57.31658   20.13274  0.000e+00
      3.406    19.9253    19.9225  11.392164  11.392230    311.578    311.673     1.5127    28.7145     0.5416 1.1994e+01 2.2698e+03     7.2615     7.2620      0.329     15.000   57.31658   20.13274  0.000e+00
      3.316    19.9256    19.9221  11.392285  11.391746    311.582    311.676     1.5347    28.8366     0.5220 1.1927e+01 2.2698e+03     7.2615     7.2617      0.331     15.042   57.31658   20.13274  0.000e+00
      3.406    19.9261    19.9219  11.392325  11.391746    311.434    311.684     1.5640    28.8366     0.5147 1.1859e+01 2.2698e+03     7.2614     7.2617      0.334     15.083   57.31658   20.13274  0.000e+00
      3.364    19.9265    19.9205  11.392445  11.391545    311.422    311.696     1.5713    28.7145     0.5098 1.1726e+01 2.2698e+03     7.2614     7.2618      0.336     15.125   57.31658   20.13274  0.000e+00
      3.461    19.9263    19.9212  11.392244  11.391706    311.419    311.702     1.5054    28.7145     0.4976 1.1659e+01 2.2698e+03     7.2613     7.2618      0.336     15.167   57.31658   20.13274  0.000e+00
      3.357    19.9263    19.9221  11.392285  11.391908    311.409    311.699     1.5567    28.7145     0.6417 1.1594e+01 2.2698e+03     7.2614     7.2618      0.335     15.208   57.31658   20.13274  0.000e+00
      3.461    19.9260    19.9214  11.392325  11.391827    311.409    311.715     1.5933    28.7145     0.7271 1.1495e+01 2.2698e+03     7.2614     7.2619      0.338     15.250   57.31658   20.13274  0.000e+00
      3.406    19.9265    19.9228  11.392204  11.391908    311.409    311.713     1.6007    28.7145     0.7394 1.1430e+01 2.2698e+03     7.2613     7.2617      0.338     15.292   57.31658   20.13274  0.000e+00
      3.461    19.9260    19.9247  11.392044  11.392271    311.421    311.891     1.5420    28.7145     0.7345 1.1334e+01 2.2698e+03     7.2612     7.2616      0.344     15.333   57.31658   20.13274  0.000e+00
      3.454    19.9256    19.9251  11.391923  11.392593    311.420    311.731     1.6080    28.7145     1.9042 1.1238e+01 2.2698e+03     7.2612     7.2618      0.342     15.375   57.31658   20.13274  0.000e+00
      3.516    19.9244    19.9247  11.391683  11.392190    311.428    311.925     1.6812    28.7145     2.6783 1.1143e+01 2.2698e+03     7.2613     7.2616      0.345     15.417   57.31658   20.13274  0.000e+00
      3.509    19.9234    19.9247  11.391241  11.391060    311.433    311.759     1.7032    28.7145     2.8077 1.1080e+01 2.2698e+03     7.2611     7.2608      0.342     15.458   57.31658   20.13274  0.000e+00
      3.461    19.9214    19.9247  11.390719  11.390617    311.302    311.759     1.6373    28.7145     2.7369 1.0986e+01 2.2698e+03     7.2611     7.2605      0.341     15.500   57.31658   20.13274  0.000e+00
      3.565    19.9199    19.9244  11.390438  11.391585    311.317    311.953     1.5713    28.7145     1.5037 1.0955e+01 2.2698e+03     7.2612     7.2612      0.342     15.542   57.31658   20.13274  0.000e+00
      3.509    19.9197    19.9242  11.390639  11.392190    311.460    311.786     1.5494    28.7145     0.6221 1.0893e+01 2.2698e+03     7.2614     7.2617      0.344     15.583   57.31658   20.13274  0.000e+00
      3.516    19.9192    19.9242  11.390599  11.392553    311.467    311.965     1.5494    28.7145     0.4756 1.0862e+01 2.2698e+03     7.2614     7.2619      0.344     15.625   57.31658   20.13274  0.000e+00
      3.558    19.9190    19.9240  11.390559  11.392432    311.184    311.981     1.4981    28.7145     0.5122 1.0831e+01 2.2698e+03     7.2614     7.2618      0.343     15.667   57.31658   20.13274  0.000e+00
      3.613    19.9192    19.9238  11.390679  11.392271    311.333    311.997     1.5127    28.7145     0.5611 1.0831e+01 2.2698e+03     7.2615     7.2618      0.343     15.708   57.31658   20.13274  0.000e+00
      3.558    19.9196    19.9238  11.390960  11.392352    311.477    312.007     1.5494    28.7145     0.5831 1.0800e+01 2.2698e+03     7.2616     7.2618      0.341     15.750   57.31658   20.13274  0.000e+00
      3.613    19.9195    19.9237  11.391000  11.392271    311.489    312.023     1.5640    28.7145     0.5855 1.0770e+01 2.2698e+03     7.2616     7.2618      0.340     15.792   57.31658   20.13274  0.000e+00
