Data/EMB295_003-01_CTD_0003.cnv
* Sea-Bird SBE 9 Data File:
* FileName = D:\processing\tests\data\EMB295_003-01_CTD_0003.hex
* Software Version Seasave V 7.26.7.121
* Temperature SN = 5261
* Conductivity SN = 4811
* Number of Bytes Per Scan = 48
* Number of Voltage Words = 5
* Number of Scans Averaged by the Deck Unit = 1
* NMEA Latitude = 57 18.99 N
* NMEA Longitude = 020 07.96 E
* NMEA UTC (Time) = Jul 04 2022  07:51:48
* NMEA baud rate = 9600
** Cruise = EMB295
** Station = EMB295_3-1
** Platform = CTD
** Cast = 0003
** Operator = Jan Donath
** GPS_Time = 04.07.2022 07:51:16
** GPS_Lat = 57 18.992 N
** GPS_Lon = 20  7.964 E
** Echo_Depth =  248.0 m
** Air_Pressure = 1014.5 hPa
** WsStartID =    76
** Pos_Alias = Gotland
# nquan = 19
# nvalues = 18592                                 
# units = specified
# name 0 = prDM: Pressure, Digiquartz [db]
# name 1 = t090C: Temperature [ITS-90, deg C]
# name 2 = t190C: Temperature, 2 [ITS-90, deg C]
# name 3 = c0mS/cm: Conductivity [mS/cm]
# name 4 = c1mS/cm: Conductivity, 2 [mS/cm]
# name 5 = sbox0Mm/Kg: Oxygen, SBE 43 [umol/kg]
# name 6 = sbox1Mm/Kg: Oxygen, SBE 43, 2 [umol/kg]
# name 7 = flECO-AFL: Fluorescence, WET Labs ECO-AFL/FL [mg/m^3]
# name 8 = wetCDOM: Fluorescence, WET Labs CDOM [mg/m^3]
# name 9 = turbWETntu0: Turbidity, WET Labs ECO [NTU]
# name 10 = par: PAR/Irradiance, Biospherical/Licor
# name 11 = spar: SPAR, Biospherical/Licor
# name 12 = sal00: Salinity, Practical [PSU]
# name 13 = sal11: Salinity, Practical, 2 [PSU]
# name 14 = dz/dtM: Descent Rate [m/s]
# name 15 = timeS: Time, Elapsed [seconds]
# name 16 = latitude: Latitude [deg]
# name 17 = longitude: Longitude [deg]
# name 18 = flag:  0.000e+00
# span 0 =      1.944,    238.021                 
# span 1 =     3.9880,    19.9337                 
# span 2 =     3.9872,    19.9320                 
# span 3 =   8.039529,  14.302581                 
# span 4 =   8.039995,  14.303167                 
# span 5 =     -0.064,    351.568                 
# span 6 =      0.687,    353.488                 
# span 7 =     0.2307,     4.6336                 
# span 8 =    27.6156,    55.8208                 
# span 9 =    -0.0079,     3.3572                 
# span 10 = 3.7612e-02, 2.2659e+01                
# span 11 = 1.7107e+03, 2.3090e+03                
# span 12 =     7.2536,    12.8846                
# span 13 =     7.2592,    12.8852                
# span 14 =     -0.033,      0.348                
# span 15 =      0.000,    774.625                
# span 16 =   57.31650,   57.31658                
# span 17 =   20.13258,   20.13274                
# span 18 = 0.0000e+00, 0.0000e+00                
# interval = seconds: 0.0416667
# start_time = Jul 04 2022 07:51:48 [NMEA time, first data scan]
# bad_flag = -9.990e-29
*END*
[from data line 6934]
     90.576     6.6468     6.6460  11.978691  11.977112      1.430      3.447     0.3259    46.0527     0.1337 3.8695e-02 2.2757e+03    10.8379    10.8366      0.330    288.917   57.31650   20.13268  0.000e+00
     90.597     6.6471     6.6466  11.979383  11.978094      1.611      3.695     0.3259    46.0527     0.1313 3.8695e-02 2.2757e+03    10.8385    10.8374      0.333    288.958   57.31650   20.13268  0.000e+00
     90.576     6.6477     6.6473  11.980034  11.979075      1.632      3.719     0.3259    46.0527     0.1337 3.8695e-02 2.2757e+03    10.8389    10.8381      0.329    289.000   57.31650   20.13268  0.000e+00
     90.652     6.6486     6.6478  11.980645  11.979525      1.652      3.492     0.3039    46.0527     0.1264 3.8695e-02 2.2757e+03    10.8392    10.8384      0.330    289.042   57.31650   20.13268  0.000e+00
     90.625     6.6487     6.6482  11.980970  11.980262      1.672      3.740     0.3259    46.0527     0.1459 3.8695e-02 2.2757e+03    10.8395    10.8390      0.333    289.083   57.31650   20.13268  0.000e+00
     90.597     6.6497     6.6489  11.981540  11.980752      1.458      3.766     0.3406    46.0527     0.1582 3.8695e-02 2.2757e+03    10.8397    10.8392      0.325    289.125   57.31650   20.13268  0.000e+00
     90.680     6.6497     6.6497  11.982395  11.981407      1.454      3.791     0.3479    46.0527     0.1606 3.8695e-02 2.2757e+03    10.8406    10.8396      0.329    289.167   57.31650   20.13268  0.000e+00
     90.653     6.6510     6.6500  11.983127  11.981938      1.451      3.787     0.3186    46.0527     0.1533 3.8695e-02 2.2757e+03    10.8409    10.8400      0.324    289.208   57.31650   20.13268  0.000e+00
     90.729     6.6516     6.6507  11.984064  11.982593      1.658      3.561     0.3333    46.0527     0.1484 3.8695e-02 2.2757e+03    10.8416    10.8405      0.327    289.250   57.31650   20.13268  0.000e+00
     90.701     6.6523     6.6514  11.985203  11.983329      1.471      3.558     0.3406    46.0527     0.1435 3.8695e-02 2.2757e+03    10.8425    10.8409      0.326    289.292   57.31650   20.13268  0.000e+00
     90.729     6.6530     6.6524  11.986018  11.984352      1.470      3.557     0.3406    46.0527     0.1435 3.8695e-02 2.2757e+03    10.8431    10.8416      0.325    289.333   57.31650   20.13268  0.000e+00
     90.750     6.6538     6.6529  11.987035  11.985292      1.654      3.557     0.3186    45.9306     0.1411 3.8695e-02 2.2757e+03    10.8438    10.8424      0.326    289.375   57.31650   20.13268  0.000e+00
     90.680     6.6546     6.6536  11.988012  11.986192      1.468      3.529     0.3552    46.7853     0.1875 3.8695e-02 2.2757e+03    10.8445    10.8430      0.323    289.417   57.31650   20.13268  0.000e+00
     90.798     6.6554     6.6544  11.988908  11.987133      1.468      3.502     0.3772    47.6400     0.2168 3.8695e-02 2.2757e+03    10.8451    10.8437      0.323    289.458   57.31650   20.13268  0.000e+00
     90.729     6.6558     6.6553  11.990007  11.988033      1.469      3.503     0.3845    47.7621     0.2216 3.8695e-02 2.2757e+03    10.8461    10.8443      0.322    289.500   57.31650   20.13268  0.000e+00
     90.798     6.6568     6.6560  11.990821  11.988974      1.445      3.505     0.3479    47.7621     0.2143 3.8695e-02 2.2757e+03    10.8465    10.8450      0.320    289.542   57.31650   20.13268  0.000e+00
     90.777     6.6575     6.6568  11.991961  11.990078      1.447      3.759     0.3552    47.7621     0.2729 3.8695e-02 2.2757e+03    10.8475    10.8458      0.318    289.583   57.31650   20.13268  0.000e+00
     90.798     6.6584     6.6575  11.992897  11.991101      1.450      3.790     0.3626    47.7621     0.3071 3.8695e-02 2.2757e+03    10.8481    10.8466      0.319    289.625   57.31650   20.13268  0.000e+00
     90.833     6.6585     6.6579  11.993752  11.991797      1.429      3.821     0.3626    47.6400     0.3096 3.9058e-02 2.2757e+03    10.8489    10.8471      0.318    289.667   57.31650   20.13268  0.000e+00
     90.798     6.6595     6.6586  11.994648  11.992738      1.408      3.852     0.3406    47.7621     0.2949 3.8695e-02 2.2757e+03    10.8494    10.8478      0.318    289.708   57.31650   20.13268  0.000e+00
     90.881     6.6599     6.6591  11.995218  11.993515      1.412      3.632     0.3406    47.7621     0.3047 3.8695e-02 2.2757e+03    10.8498    10.8485      0.316    289.750   57.31650   20.13268  0.000e+00
     90.854     6.6604     6.6599  11.995910  11.994170      1.392      3.608     0.3552    47.7621     0.3144 3.8695e-02 2.2757e+03    10.8504    10.8488      0.318    289.792   57.31650   20.13268  0.000e+00
     90.881     6.6607     6.6600  11.996806  11.995070      1.397      3.584     0.3552    47.7621     0.3169 3.8695e-02 2.2757e+03    10.8512    10.8497      0.318    289.833   57.31650   20.13268  0.000e+00
     90.854     6.6610     6.6608  11.997376  11.996011      1.403      3.560     0.3259    47.7621     0.3096 3.8695e-02 2.2757e+03    10.8516    10.8503      0.316    289.875   57.31650   20.13268  0.000e+00
     90.902     6.6619     6.6612  11.997905  11.996543      1.384      3.535     0.3479    47.7621     0.3364 3.8695e-02 2.2757e+03    10.8518    10.8507      0.315    289.917   57.31650   20.13268  0.000e+00
     90.882     6.6620     6.6616  11.998760  11.997115      1.366      3.762     0.3699    47.6400     0.3608 3.8695e-02 2.2757e+03    10.8527    10.8512      0.312    289.958   57.31650   20.13268  0.000e+00
     90.902     6.6625     6.6620  11.999452  11.997893      1.583      3.542     0.3772    47.5179     0.3682 3.8695e-02 2.2757e+03    10.8532    10.8518      0.313    290.000   57.31650   20.13268  0.000e+00
     90.930     6.6628     6.6621  11.999982  11.998588      1.379      3.547     0.3479    47.5179     0.3535 3.8695e-02 2.2757e+03    10.8536    10.8524      0.313    290.042   57.31650   20.13268  0.000e+00
     90.902     6.6630     6.6627  12.000633  11.999366      1.386      3.553     0.3406    47.5179     0.2778 3.8695e-02 2.2757e+03    10.8542    10.8530      0.308    290.083   57.31650   20.13268  0.000e+00
     90.930     6.6634     6.6629  12.001611  12.000143      1.369      3.559     0.3479    47.5179     0.2290 3.8695e-02 2.2757e+03    10.8550    10.8537      0.305    290.125   57.31650   20.13268  0.000e+00
     91.006     6.6638     6.6634  12.002547  12.000798      1.352      3.567     0.3552    47.5179     0.2216 3.8695e-02 2.2757e+03    10.8558    10.8542      0.309    290.167   57.31650   20.13268  0.000e+00
     90.986     6.6640     6.6636  12.003525  12.001616      1.335      3.548     0.3259    47.5179     0.2119 3.8333e-02 2.2757e+03    10.8567    10.8549      0.310    290.208   57.31650   20.13268  0.000e+00
     91.006     6.6644     6.6637  12.004624  12.002517      1.552      3.557     0.3333    47.5179     0.1728 3.8695e-02 2.2757e+03    10.8576    10.8558      0.308    290.250   57.31650   20.13268  0.000e+00
     90.986     6.6647     6.6645  12.005153  12.003540      1.350      3.789     0.3479    47.5179     0.1459 3.8695e-02 2.2757e+03    10.8580    10.8565      0.308    290.292   57.31650   20.13268  0.000e+00
     91.055     6.6654     6.6647  12.006009  12.004604      1.333      3.575     0.3552    47.5179     0.1411 3.8695e-02 2.2757e+03    10.8586    10.8575      0.309    290.333   57.31650   20.13268  0.000e+00
     91.034     6.6657     6.6652  12.007149  12.005586      1.341      3.585     0.3259    47.5179     0.1313 3.8695e-02 2.2757e+03    10.8596    10.8583      0.309    290.375   57.31650   20.13268  0.000e+00
     91.103     6.6664     6.6657  12.008086  12.006159      1.559      3.568     0.3406    47.5179     0.1191 3.8695e-02 2.2757e+03    10.8604    10.8587      0.313    290.417   57.31650   20.13268  0.000e+00
     91.034     6.6671     6.6665  12.009511  12.007305      1.358      3.551     0.3552    47.5179     0.1166 3.8695e-02 2.2757e+03    10.8615    10.8596      0.312    290.458   57.31650   20.13268  0.000e+00
     91.055     6.6680     6.6669  12.010692  12.008410      1.367      3.534     0.3626    47.2737     0.1142 3.8695e-02 2.2757e+03    10.8624    10.8605      0.310    290.500   57.31650   20.13268  0.000e+00
     91.083     6.6686     6.6674  12.012321  12.009392      1.377      3.796     0.3333    46.9074     0.1069 3.8695e-02 2.2757e+03    10.8638    10.8613      0.309    290.542   57.31650   20.13268  0.000e+00
     91.104     6.6694     6.6684  12.013584  12.010661      1.388      3.584     0.3113    46.6632     0.1069 3.8695e-02 2.2757e+03    10.8648    10.8622      0.307    290.583   57.31650   20.13268  0.000e+00
     91.083     6.6704     6.6692  12.014765  12.012011      1.400      3.596     0.2966    46.7853     0.1020 3.8695e-02 2.2757e+03    10.8656    10.8633      0.306    290.625   57.31650   20.13268  0.000e+00
     91.104     6.6713     6.6702  12.016191  12.013403      1.413      3.581     0.2966    46.7853     0.0971 3.8695e-02 2.2757e+03    10.8667    10.8643      0.305    290.667   57.31650   20.13268  0.000e+00
     91.138     6.6723     6.6710  12.017250  12.014754      1.402      3.567     0.2746    46.7853     0.0947 3.8695e-02 2.2757e+03    10.8674    10.8654      0.304    290.708   57.31650   20.13268  0.000e+00
     91.159     6.6730     6.6721  12.018513  12.016104      1.391      3.551     0.3039    46.7853     0.1069 3.8695e-02 2.2757e+03    10.8684    10.8664      0.306    290.750   57.31650   20.13268  0.000e+00
     91.138     6.6741     6.6729  12.019328  12.017291      1.380      3.536     0.3406    46.7853     0.1166 3.8695e-02 2.2757e+03    10.8689    10.8673      0.305    290.792   57.31650   20.13268  0.000e+00
     91.208     6.6752     6.6740  12.020020  12.018438      1.394      3.522     0.3479    46.7853     0.1240 3.8695e-02 2.2757e+03    10.8692    10.8680      0.307    290.833   57.31650   20.13268  0.000e+00
     91.187     6.6760     6.6751  12.020672  12.019584      1.409      3.506     0.3259    46.7853     0.1142 3.8695e-02 2.2757e+03    10.8696    10.8688      0.308    290.875   57.31650   20.13268  0.000e+00
     91.256     6.6769     6.6758  12.021527  12.020198      1.609      3.492     0.3186    46.7853     0.1044 3.8695e-02 2.2757e+03    10.8701    10.8692      0.313    290.917   57.31650   20.13268  0.000e+00
     91.187     6.6780     6.6769  12.022750  12.020812      1.414      3.477     0.3333    46.7853     0.1020 3.8695e-02 2.2757e+03    10.8710    10.8694      0.311    290.958   57.31650   20.13268  0.000e+00
     91.256     6.6794     6.6779  12.024135  12.021713      1.429      3.490     0.3333    46.7853     0.1044 3.8695e-02 2.2757e+03    10.8719    10.8700      0.313    291.000   57.31650   20.13268  0.000e+00
     91.236     6.6802     6.6791  12.025968  12.022695      1.445      3.505     0.3186    46.6632     0.0971 3.8695e-02 2.2757e+03    10.8734    10.8706      0.310    291.042   57.31650   20.13268  0.000e+00
     91.256     6.6817     6.6803  12.027679  12.024046      1.463      3.492     0.3259    46.1748     0.0922 3.8695e-02 2.2757e+03    10.8746    10.8715      0.312    291.083   57.31650   20.13268  0.000e+00
     91.284     6.6829     6.6816  12.029268  12.025684      1.481      3.508     0.3479    46.0527     0.0922 3.8695e-02 2.2757e+03    10.8758    10.8727      0.313    291.125   57.31650   20.13268  0.000e+00
     91.256     6.6840     6.6828  12.030328  12.027608      1.684      3.525     0.3552    46.0527     0.0995 3.8695e-02 2.2757e+03    10.8765    10.8742      0.308    291.167   57.31650   20.13268  0.000e+00
     91.284     6.6851     6.6840  12.030776  12.029246      1.492      3.543     0.3333    46.0527     0.0995 3.8695e-02 2.2757e+03    10.8766    10.8754      0.309    291.208   57.31650   20.13268  0.000e+00
     91.312     6.6854     6.6851  12.031224  12.030515      1.485      3.563     0.3406    46.0527     0.1118 3.8695e-02 2.2757e+03    10.8769    10.8763      0.308    291.250   57.31650   20.13268  0.000e+00
     91.340     6.6862     6.6858  12.031672  12.031088      1.503      3.555     0.3552    46.0527     0.1166 3.8695e-02 2.2757e+03    10.8771    10.8766      0.312    291.292   57.31650   20.13268  0.000e+00
     91.360     6.6866     6.6863  12.031876  12.031498      1.497      3.547     0.3626    46.0527     0.1142 3.8695e-02 2.2757e+03    10.8772    10.8769      0.313    291.333   57.31650   20.13268  0.000e+00
     91.388     6.6870     6.6866  12.032284  12.031825      1.491      3.539     0.3406    46.0527     0.1069 3.8695e-02 2.2757e+03    10.8774    10.8771      0.317    291.375   57.31650   20.13268  0.000e+00
     91.360     6.6870     6.6870  12.032854  12.032276      1.510      3.531     0.3333    46.0527     0.1118 3.8695e-02 2.2757e+03    10.8780    10.8774      0.318    291.417   57.31650   20.13268  0.000e+00
     91.388     6.6875     6.6874  12.033465  12.032603      1.714      3.522     0.3333    46.0527     0.1142 3.8695e-02 2.2757e+03    10.8784    10.8776      0.316    291.458   57.31650   20.13268  0.000e+00
     91.409     6.6878     6.6876  12.034158  12.033136      1.732      3.514     0.3406    46.0527     0.1142 3.8695e-02 2.2757e+03    10.8790    10.8780      0.320    291.500   57.31650   20.13268  0.000e+00
     91.437     6.6883     6.6878  12.034933  12.033709      1.540      3.506     0.3259    46.0527     0.1093 3.8695e-02 2.2757e+03    10.8796    10.8786      0.320    291.542   57.31650   20.13268  0.000e+00
     91.361     6.6883     6.6879  12.035911  12.034487      1.533      3.498     0.3259    46.0527     0.1093 3.8695e-02 2.2757e+03    10.8805    10.8793      0.318    291.583   57.31650   20.13268  0.000e+00
     91.492     6.6888     6.6884  12.036848  12.035224      1.526      3.519     0.3333    47.0295     0.1069 3.8333e-02 2.2757e+03    10.8813    10.8798      0.321    291.625   57.31650   20.13268  0.000e+00
     91.464     6.6890     6.6887  12.038234  12.036125      1.519      3.541     0.3479    47.6400     0.1069 3.8695e-02 2.2757e+03    10.8826    10.8806      0.322    291.667   57.31650   20.13268  0.000e+00
     91.437     6.6896     6.6891  12.039415  12.037108      1.512      3.563     0.3333    47.6400     0.0971 3.8695e-02 2.2757e+03    10.8836    10.8815      0.322    291.708   57.31650   20.13268  0.000e+00
     91.513     6.6896     6.6893  12.040353  12.038337      1.505      3.588     0.3406    47.6400     0.1191 3.8695e-02 2.2757e+03    10.8845    10.8826      0.323    291.750   57.31650   20.13268  0.000e+00
     91.437     6.6898     6.6895  12.041249  12.039770      1.498      3.584     0.3626    47.6400     0.1533 3.8695e-02 2.2757e+03    10.8853    10.8839      0.323    291.792   57.31650   20.13268  0.000e+00
     91.562     6.6901     6.6899  12.042635  12.040507      1.490      3.581     0.3699    47.6400     0.1630 3.8695e-02 2.2757e+03    10.8865    10.8845      0.327    291.833   57.31650   20.13268  0.000e+00
     91.541     6.6901     6.6900  12.043573  12.041736      1.483      3.577     0.3552    47.6400     0.1630 3.8695e-02 2.2757e+03    10.8874    10.8857      0.329    291.875   57.31650   20.13268  0.000e+00
     91.513     6.6904     6.6900  12.044592  12.042719      1.476      3.574     0.3479    47.6400     0.1533 3.8695e-02 2.2757e+03    10.8883    10.8866      0.327    291.917   57.31650   20.13268  0.000e+00
     91.589     6.6900     6.6903  12.045203  12.044030      1.469      3.570     0.3626    47.6400     0.1459 3.8695e-02 2.2757e+03    10.8891    10.8878      0.330    291.958   57.31650   20.13268  0.000e+00
     91.610     6.6904     6.6903  12.045733  12.044644      1.462      3.595     0.3699    47.6400     0.1411 3.8695e-02 2.2757e+03    10.8894    10.8884      0.332    292.000   57.31650   20.13268  0.000e+00
