Data/EMB295_003-01_CTD_0003.cnv
* Sea-Bird SBE 9 Data File:
* FileName = D:\processing\tests\data\EMB295_003-01_CTD_0003.hex
* Software Version Seasave V 7.26.7.121
* Temperature SN = 5261
* Conductivity SN = 4811
* Number of Bytes Per Scan = 48
* Number of Voltage Words = 5
* Number of Scans Averaged by the Deck Unit = 1
* NMEA Latitude = 57 18.99 N
* NMEA Longitude = 020 07.96 E
* NMEA UTC (Time) = Jul 04 2022  07:51:48
* NMEA baud rate = 9600
** Cruise = EMB295
** Station = EMB295_3-1
** Platform = CTD
** Cast = 0003
** Operator = Jan Donath
** GPS_Time = 04.07.2022 07:51:16
** GPS_Lat = 57 18.992 N
** GPS_Lon = 20  7.964 E
** Echo_Depth =  248.0 m
** Air_Pressure = 1014.5 hPa
** WsStartID =    76
** Pos_Alias = Gotland
# nquan = 19
# nvalues = 18592                                 
# units = specified
# name 0 = prDM: Pressure, Digiquartz [db]
# name 1 = t090C: Temperature [ITS-90, deg C]
# name 2 = t190C: Temperature, 2 [ITS-90, deg C]
# name 3 = c0mS/cm: Conductivity [mS/cm]
# name 4 = c1mS/cm: Conductivity, 2 [mS/cm]
# name 5 = sbox0Mm/Kg: Oxygen, SBE 43 [umol/kg]
# name 6 = sbox1Mm/Kg: Oxygen, SBE 43, 2 [umol/kg]
# name 7 = flECO-AFL: Fluorescence, WET Labs ECO-AFL/FL [mg/m^3]
# name 8 = wetCDOM: Fluorescence, WET Labs CDOM [mg/m^3]
# name 9 = turbWETntu0: Turbidity, WET Labs ECO [NTU]
# name 10 = par: PAR/Irradiance, Biospherical/Licor
# name 11 = spar: SPAR, Biospherical/Licor
# name 12 = sal00: Salinity, Practical [PSU]
# name 13 = sal11: Salinity, Practical, 2 [PSU]
# name 14 = dz/dtM: Descent Rate [m/s]
# name 15 = timeS: Time, Elapsed [seconds]
# name 16 = latitude: Latitude [deg]
# name 17 = longitude: Longitude [deg]
# name 18 = flag:  0.000e+00
# span 0 =      1.944,    238.021                 
# span 1 =     3.9880,    19.9337                 
# span 2 =     3.9872,    19.9320                 
# span 3 =   8.039529,  14.302581                 
# span 4 =   8.039995,  14.303167                 
# span 5 =     -0.064,    351.568                 
# span 6 =      0.687,    353.488                 
# span 7 =     0.2307,     4.6336                 
# span 8 =    27.6156,    55.8208                 
# span 9 =    -0.0079,     3.3572                 
# span 10 = 3.7612e-02, 2.2659e+01                
# span 11 = 1.7107e+03, 2.3090e+03                
# span 12 =     7.2536,    12.8846                
# span 13 =     7.2592,    12.8852                
# span 14 =     -0.033,      0.348                
# span 15 =      0.000,    774.625                
# span 16 =   57.31650,   57.31658                
# span 17 =   20.13258,   20.13274                
# span 18 = 0.0000e+00, 0.0000e+00                
# interval = seconds: 0.0416667
# start_time = Jul 04 2022 07:51:48 [NMEA time, first data scan]
# bad_flag = -9.990e-29
*END*
[from data line 2362]
     29.956     5.8408     5.8398   8.347721   8.348747    322.886    323.790     0.8094    35.9184     0.1655 1.0304e-01 2.2698e+03     7.5267     7.5279      0.331     98.417   57.31658   20.13270  0.000e+00
     29.852     5.8395     5.8387   8.347164   8.348411    322.906    324.037     0.8094    35.9184     0.1679 1.0304e-01 2.2678e+03     7.5265     7.5279      0.327     98.458   57.31658   20.13270  0.000e+00
     29.880     5.8374     5.8376   8.346681   8.348225    322.926    324.046     0.8241    35.9184     0.1826 1.0304e-01 2.2678e+03     7.5265     7.5279      0.326     98.500   57.31658   20.13270  0.000e+00
     29.901     5.8353     5.8356   8.346013   8.347889    322.932    324.341     0.8314    35.9184     0.1826 1.0249e-01 2.2678e+03     7.5263     7.5281      0.326     98.542   57.31658   20.13270  0.000e+00
     29.901     5.8326     5.8333   8.345418   8.347515    323.175    324.134     0.7875    35.9184     0.1679 1.0249e-01 2.2678e+03     7.5263     7.5282      0.326     98.583   57.31658   20.13270  0.000e+00
     29.956     5.8297     5.8308   8.344861   8.346731    323.216    324.152     0.7948    35.9184     0.1704 1.0249e-01 2.2678e+03     7.5264     7.5280      0.326     98.625   57.31658   20.13270  0.000e+00
     29.901     5.8270     5.8281   8.344192   8.346171    323.239    324.417     0.8168    35.9184     0.1826 1.0249e-01 2.2678e+03     7.5264     7.5281      0.323     98.667   57.31658   20.13270  0.000e+00
     29.956     5.8237     5.8247   8.343227   8.345462    323.285    324.448     0.8314    35.9184     0.1826 1.0195e-01 2.2678e+03     7.5262     7.5281      0.323     98.708   57.31658   20.13270  0.000e+00
     30.053     5.8210     5.8212   8.342521   8.344417    323.316    324.502     0.7801    35.9184     0.1655 1.0195e-01 2.2678e+03     7.5261     7.5279      0.326     98.750   57.31658   20.13270  0.000e+00
     30.004     5.8182     5.8177   8.341778   8.343745    323.548    324.768     0.7948    35.9184     0.1704 1.0195e-01 2.2678e+03     7.5260     7.5280      0.328     98.792   57.31658   20.13270  0.000e+00
     30.004     5.8152     5.8145   8.341407   8.343035    323.578    324.819     0.8314    35.9184     0.1801 1.0141e-01 2.2678e+03     7.5263     7.5280      0.328     98.833   57.31658   20.13270  0.000e+00
     30.004     5.8125     5.8116   8.340776   8.342289    323.593    324.856     0.8461    35.9184     0.1826 1.0195e-01 2.2678e+03     7.5263     7.5280      0.329     98.875   57.31658   20.13270  0.000e+00
     30.004     5.8099     5.8088   8.340107   8.341617    323.621    324.879     0.8021    35.9184     0.1655 1.0141e-01 2.2678e+03     7.5262     7.5279      0.328     98.917   57.31658   20.13270  0.000e+00
     30.053     5.8072     5.8066   8.339661   8.341244    323.858    324.885     0.7875    35.9184     0.1679 1.0141e-01 2.2678e+03     7.5264     7.5281      0.326     98.958   57.31658   20.13270  0.000e+00
     30.005     5.8051     5.8045   8.339587   8.340908    323.880    325.167     0.7948    36.0405     0.1801 1.0087e-01 2.2678e+03     7.5268     7.5282      0.322     99.000   57.31658   20.13270  0.000e+00
     30.108     5.8030     5.8023   8.339104   8.340535    323.896    325.212     0.8021    36.0405     0.1826 1.0087e-01 2.2678e+03     7.5268     7.5283      0.324     99.042   57.31658   20.13270  0.000e+00
     30.108     5.8007     5.7998   8.338733   8.340161    323.896    325.243     0.7655    36.0405     0.1679 1.0087e-01 2.2678e+03     7.5269     7.5285      0.326     99.083   57.31658   20.13270  0.000e+00
     30.053     5.7992     5.7979   8.338324   8.339676    323.902    325.254     0.7655    36.0405     0.1679 1.0087e-01 2.2678e+03     7.5269     7.5285      0.324     99.125   57.31658   20.13270  0.000e+00
     30.157     5.7970     5.7960   8.337990   8.339378    324.126    325.521     0.8021    36.0405     0.1801 1.0087e-01 2.2678e+03     7.5270     7.5286      0.324     99.167   57.31658   20.13270  0.000e+00
     30.129     5.7954     5.7942   8.337730   8.338967    324.134    325.567     0.8168    36.0405     0.1801 1.0034e-01 2.2678e+03     7.5271     7.5286      0.326     99.208   57.31658   20.13270  0.000e+00
     30.108     5.7936     5.7922   8.337285   8.338519    324.159    325.603     0.7655    36.0405     0.1655 1.0034e-01 2.2678e+03     7.5271     7.5286      0.322     99.250   57.31658   20.13270  0.000e+00
     30.157     5.7919     5.7906   8.336876   8.338444    324.392    325.625     0.7508    36.0405     0.1655 1.0034e-01 2.2678e+03     7.5271     7.5289      0.323     99.292   57.31658   20.13270  0.000e+00
     30.108     5.7904     5.7889   8.336505   8.337847    324.414    325.632     0.7582    36.0405     0.1728 1.0034e-01 2.2678e+03     7.5271     7.5287      0.322     99.333   57.31658   20.13270  0.000e+00
     30.205     5.7888     5.7877   8.336208   8.337661    324.430    325.629     0.7728    36.0405     0.1777 1.0034e-01 2.2678e+03     7.5271     7.5288      0.319     99.375   57.31658   20.13270  0.000e+00
     30.205     5.7873     5.7862   8.336171   8.337287    324.427    325.874     0.7289    36.0405     0.1655 9.9803e-02 2.2678e+03     7.5274     7.5288      0.324     99.417   57.31658   20.13270  0.000e+00
     30.157     5.7854     5.7846   8.336059   8.337063    324.439    325.870     0.7728    36.0405     0.1753 9.9803e-02 2.2678e+03     7.5277     7.5289      0.321     99.458   57.31658   20.13270  0.000e+00
     30.261     5.7838     5.7829   8.335577   8.336840    324.664    325.892     0.8387    36.4068     0.1948 9.9803e-02 2.2678e+03     7.5276     7.5290      0.323     99.500   57.31658   20.13270  0.000e+00
     30.205     5.7819     5.7811   8.335317   8.336392    324.677    325.897     0.8607    36.6510     0.2021 9.9803e-02 2.2678e+03     7.5278     7.5290      0.320     99.542   57.31658   20.13270  0.000e+00
     30.261     5.7795     5.7790   8.334537   8.336168    324.689    326.157     0.8241    36.6510     0.1875 9.9269e-02 2.2678e+03     7.5276     7.5293      0.318     99.583   57.31658   20.13270  0.000e+00
     30.261     5.7775     5.7769   8.333980   8.335571    324.489    326.202     0.7801    36.6510     0.1826 9.9269e-02 2.2678e+03     7.5275     7.5292      0.319     99.625   57.31658   20.13270  0.000e+00
     30.261     5.7746     5.7746   8.333534   8.335272    324.696    326.235     0.7655    36.6510     0.1899 9.9269e-02 2.2678e+03     7.5277     7.5294      0.317     99.667   57.31658   20.13270  0.000e+00
     30.261     5.7714     5.7717   8.332606   8.334563    324.922    326.230     0.7655    36.6510     0.1972 9.9269e-02 2.2678e+03     7.5275     7.5293      0.317     99.708   57.31658   20.13270  0.000e+00
     30.261     5.7683     5.7689   8.331789   8.333854    324.721    326.242     0.7362    36.6510     0.1850 9.9269e-02 2.2678e+03     7.5274     7.5293      0.315     99.750   57.31658   20.13270  0.000e+00
     30.309     5.7650     5.7657   8.330972   8.333145    324.925    326.247     0.7362    36.6510     0.1777 9.9269e-02 2.2678e+03     7.5273     7.5293      0.316     99.792   57.31658   20.13270  0.000e+00
     30.309     5.7616     5.7627   8.330230   8.332287    324.948    326.237     0.7801    36.6510     0.1801 9.8737e-02 2.2678e+03     7.5274     7.5291      0.314     99.833   57.31658   20.13270  0.000e+00
     30.330     5.7581     5.7586   8.329376   8.331615    324.961    326.255     0.7948    36.6510     0.1826 9.8737e-02 2.2678e+03     7.5273     7.5294      0.315     99.875   57.31658   20.13270  0.000e+00
     30.358     5.7542     5.7550   8.328410   8.330757    324.966    326.520     0.7582    36.6510     0.1704 9.8737e-02 2.2678e+03     7.5272     7.5293      0.313     99.917   57.31658   20.13270  0.000e+00
     30.358     5.7506     5.7510   8.327557   8.329600    325.174    326.544     0.7728    36.6510     0.1655 9.8737e-02 2.2678e+03     7.5272     7.5291      0.312     99.958   57.31658   20.13270  0.000e+00
     30.358     5.7467     5.7470   8.326814   8.328928    325.179    326.553     0.8314    36.6510     0.1728 9.8207e-02 2.2678e+03     7.5274     7.5294      0.313    100.000   57.31658   20.13270  0.000e+00
     30.406     5.7431     5.7428   8.325812   8.328033    325.198    326.586     0.8461    36.7731     0.1753 9.8737e-02 2.2678e+03     7.5272     7.5294      0.315    100.042   57.31658   20.13270  0.000e+00
     30.309     5.7392     5.7388   8.324995   8.327212    325.200    326.862     0.8168    36.8952     0.1655 9.8207e-02 2.2678e+03     7.5273     7.5295      0.310    100.083   57.31658   20.13270  0.000e+00
     30.462     5.7353     5.7355   8.324030   8.326167    325.229    326.898     0.7875    36.8952     0.1875 9.8207e-02 2.2678e+03     7.5272     7.5292      0.313    100.125   57.31658   20.13270  0.000e+00
     30.358     5.7315     5.7315   8.323250   8.325421    325.235    326.916     0.7948    36.8952     0.2241 9.8207e-02 2.2678e+03     7.5273     7.5294      0.308    100.167   57.31658   20.13270  0.000e+00
     30.462     5.7278     5.7278   8.322322   8.324488    325.457    326.960     0.8021    36.8952     0.2339 9.7677e-02 2.2678e+03     7.5272     7.5293      0.310    100.208   57.31658   20.13270  0.000e+00
     30.462     5.7241     5.7244   8.321617   8.323779    325.470    326.984     0.7801    36.8952     0.2265 9.8207e-02 2.2678e+03     7.5273     7.5294      0.311    100.250   57.31658   20.13270  0.000e+00
     30.462     5.7213     5.7209   8.320986   8.323033    325.463    326.999     0.7655    36.8952     0.2119 9.8207e-02 2.2678e+03     7.5274     7.5294      0.310    100.292   57.31658   20.13270  0.000e+00
     30.462     5.7182     5.7179   8.320540   8.322063    325.446    326.998     0.7948    36.8952     0.2021 9.7677e-02 2.2678e+03     7.5276     7.5292      0.310    100.333   57.31658   20.13270  0.000e+00
     30.462     5.7153     5.7151   8.320058   8.321541    325.661    327.246     0.8094    36.8952     0.2070 9.7677e-02 2.2678e+03     7.5278     7.5293      0.309    100.375   57.31658   20.13270  0.000e+00
     30.462     5.7129     5.7122   8.319353   8.321242    325.450    327.249     0.7801    36.8952     0.1997 9.7150e-02 2.2678e+03     7.5276     7.5296      0.307    100.417   57.31658   20.13270  0.000e+00
     30.586     5.7102     5.7105   8.318982   8.320720    325.673    327.236     0.7728    36.8952     0.1997 9.7677e-02 2.2678e+03     7.5279     7.5295      0.316    100.458   57.31658   20.13270  0.000e+00
     30.462     5.7081     5.7083   8.318647   8.319974    325.458    327.236     0.8094    36.8952     0.2143 9.7150e-02 2.2678e+03     7.5280     7.5293      0.311    100.500   57.31658   20.13270  0.000e+00
     30.559     5.7060     5.7058   8.318276   8.319825    325.655    327.234     0.8314    36.8952     0.2241 9.7150e-02 2.2678e+03     7.5281     7.5297      0.311    100.542   57.31658   20.13270  0.000e+00
     30.559     5.7034     5.7036   8.317720   8.319526    325.648    327.247     0.8094    36.7731     0.2192 9.7150e-02 2.2678e+03     7.5282     7.5299      0.311    100.583   57.31658   20.13270  0.000e+00
     30.559     5.7012     5.7011   8.317089   8.318967    325.655    327.221     0.7801    36.7731     0.2021 9.7150e-02 2.2678e+03     7.5281     7.5299      0.309    100.625   57.31658   20.13270  0.000e+00
     30.559     5.6983     5.6985   8.316458   8.318332    325.657    327.186     0.7948    36.7731     0.1923 9.7150e-02 2.2678e+03     7.5281     7.5299      0.309    100.667   57.31658   20.13270  0.000e+00
     30.614     5.6960     5.6961   8.315827   8.317773    325.866    327.170     0.8094    36.7731     0.1875 9.6624e-02 2.2678e+03     7.5280     7.5298      0.308    100.708   57.31658   20.13270  0.000e+00
     30.614     5.6932     5.6934   8.315270   8.317288    325.873    327.145     0.7875    36.7731     0.1801 9.6624e-02 2.2678e+03     7.5281     7.5300      0.308    100.750   57.31658   20.13270  0.000e+00
     30.614     5.6906     5.6907   8.314676   8.316691    325.649    327.373     0.7728    36.7731     0.1801 9.6624e-02 2.2678e+03     7.5281     7.5300      0.313    100.792   57.31658   20.13270  0.000e+00
     30.663     5.6879     5.6877   8.313934   8.315833    325.857    327.393     0.8021    36.7731     0.1948 9.6624e-02 2.2678e+03     7.5279     7.5298      0.316    100.833   57.31658   20.13270  0.000e+00
     30.663     5.6852     5.6848   8.313674   8.315236    325.640    327.400     0.8168    36.7731     0.2021 9.6624e-02 2.2678e+03     7.5283     7.5299      0.317    100.875   57.31658   20.13270  0.000e+00
     30.614     5.6819     5.6816   8.312858   8.314453    325.830    327.397     0.7948    36.7731     0.1899 9.6624e-02 2.2678e+03     7.5282     7.5299      0.314    100.917   57.31658   20.13270  0.000e+00
     30.711     5.6789     5.6788   8.312041   8.313856    325.822    327.386     0.7801    36.7731     0.1728 9.6624e-02 2.2678e+03     7.5281     7.5299      0.315    100.958   57.31658   20.13270  0.000e+00
     30.663     5.6753     5.6753   8.311188   8.313148    325.829    327.367     0.8094    36.7731     0.1704 9.6099e-02 2.2678e+03     7.5281     7.5300      0.315    101.000   57.31658   20.13270  0.000e+00
     30.683     5.6716     5.6722   8.310112   8.312588    325.832    327.368     0.8168    36.7731     0.1704 9.6099e-02 2.2678e+03     7.5278     7.5301      0.311    101.042   57.31658   20.13270  0.000e+00
     30.711     5.6678     5.6681   8.309295   8.311618    326.047    327.368     0.7948    36.7731     0.1679 9.6099e-02 2.2678e+03     7.5279     7.5301      0.313    101.083   57.31658   20.13270  0.000e+00
     30.711     5.6639     5.6641   8.308590   8.310872    326.058    327.621     0.7801    36.7731     0.1704 9.6099e-02 2.2678e+03     7.5281     7.5303      0.315    101.125   57.31658   20.13270  0.000e+00
     30.815     5.6603     5.6605   8.307774   8.310015    326.061    327.633     0.8094    36.6510     0.1997 9.6099e-02 2.2678e+03     7.5281     7.5302      0.317    101.167   57.31658   20.13270  0.000e+00
     30.711     5.6568     5.6570   8.306958   8.308933    326.073    327.656     0.8241    36.7731     0.2094 9.5576e-02 2.2678e+03     7.5281     7.5300      0.318    101.208   57.31658   20.13270  0.000e+00
     30.767     5.6539     5.6535   8.306512   8.308299    326.076    327.677     0.8021    36.7731     0.2021 9.5576e-02 2.2678e+03     7.5283     7.5301      0.319    101.250   57.31658   20.13270  0.000e+00
     30.767     5.6506     5.6506   8.305659   8.307591    326.072    327.681     0.7655    36.7731     0.2021 9.5576e-02 2.2678e+03     7.5282     7.5301      0.317    101.292   57.31658   20.13270  0.000e+00
     30.815     5.6478     5.6477   8.305103   8.307031    326.084    327.678     0.7582    36.7731     0.2192 9.5576e-02 2.2678e+03     7.5283     7.5302      0.319    101.333   57.31658   20.13270  0.000e+00
     30.767     5.6447     5.6448   8.304546   8.306323    326.306    327.662     0.7655    36.7731     0.2265 9.5576e-02 2.2678e+03     7.5284     7.5301      0.314    101.375   57.31658   20.13270  0.000e+00
     30.815     5.6418     5.6419   8.304101   8.305763    326.329    327.905     0.7508    36.7731     0.2192 9.5576e-02 2.2678e+03     7.5286     7.5302      0.316    101.417   57.31658   20.13270  0.000e+00
     30.864     5.6393     5.6389   8.303322   8.305055    326.341    327.675     0.7362    36.7731     0.2021 9.5576e-02 2.2678e+03     7.5284     7.5302      0.319    101.458   57.31658   20.13270  0.000e+00
     30.864     5.6365     5.6362   8.302839   8.304421    326.343    327.927     0.7801    36.7731     0.1948 9.5055e-02 2.2678e+03     7.5286     7.5302      0.318    101.500   57.31658   20.13270  0.000e+00
     30.864     5.6337     5.6338   8.302172   8.303787    326.364    327.936     0.7948    36.7731     0.1948 9.5055e-02 2.2678e+03     7.5286     7.5301      0.322    101.542   57.31658   20.13270  0.000e+00
